Executing debug command
2244;
2205;
4095;
2517;
888;
2941;
3823;
2224;
2010;
3410;
2983;
72;
2733;
4020;
2308;
2277;
4095;
2554;
1208;
3030;
3358;
64;
2423;
3423;
2975;
48;
2724;
4044;
2346;
2218;
4095;
2580;
1397;
4087;
2983;
264;
2799;
4095;
2547;
289;
2863;
3927;
2316;
2252;
4095;
2583;
1612;
4095;
2807;
976;
2974;
3491;
1282;
1906;
3155;
3379;
920;
2225;
4095;
2556;
1875;
4095;
2679;
1192;
3103;
3183;
49;
2719;
4095;
2349;
56;
2711;
4095;
2432;
2003;
4095;
2623;
1316;
3695;
3030;
400;
2851;
3703;
1581;
1867;
3050;
3878;
1995;
2174;
4095;
2667;
1114;
3195;
3159;
265;
2815;
3740;
896;
2078;
3663;
3037;
64;
2335;
4095;
2666;
1115;
3359;
3100;
280;
2807;
3813;
872;
2253;
4095;
2622;
896;
2477;
4095;
2711;
893;
2978;
3306;
40;
2661;
4028;
832;
2179;
4095;
2528;
672;
2686;
4094;
2597;
680;
2919;
3422;
40;
2571;
4039;
872;
2262;
4095;
1361;
1797;
2763;
3548;
2810;
259;
2703;
3925;
65;
2383;
4095;
707;
2154;
4095;
1959;
1620;
4031;
1568;
2277;
1544;
2240;
4095;
417;
2202;
4095;
856;
2150;
4095;
946;
1826;
4046;
1220;
1944;
3358;
1112;
3421;
1496;
1955;
4095;
963;
1915;
4095;
1600;
1870;
4095;
987;
1925;
3823;
1601;
2251;
2716;
2091;
3078;
1864;
1864;
4095;
1024;
1873;
4095;
1572;
1773;
4095;
1657;
1325;
3551;
1936;
2463;
2000;
1934;
3623;
1560;
1779;
4095;
1614;
1388;
3774;
2762;
802;
3382;
2311;
1737;
2379;
1722;
3623;
1213;
1656;
3742;
2760;
992;
3935;
2997;
704;
3463;
2369;
1643;
2325;
2374;
2490;
2398;
1096;
3687;
2651;
723;
3294;
3372;
769;
3037;
3007;
1418;
2620;
2265;
2734;
2224;
1698;
3023;
3418;
682;
3351;
3278;
920;
2931;
2973;
1576;
2493;
2739;
1875;
3011;
1451;
2795;
2843;
1312;
2519;
3245;
1235;
2288;
3292;
1345;
2503;
2406;
2138;
2335;
2073;
2111;
2935;
1385;
2325;
3030;
1336;
2273;
2925;
1612;
2162;
2815;
1577;
2685;
2063;
2101;
2623;
2067;
1884;
3061;
1792;
2000;
3155;
1635;
2359;
2663;
2106;
2159;
2765;
1856;
2741;
2205;
2124;
2878;
1981;
2231;
2863;
2080;
2008;
3135;
1765;
2393;
2698;
2071;
2321;
2615;
1952;
2647;
2270;
1974;
2895;
1965;
2119;
2718;
2202;
1826;
2919;
1940;
2253;
2402;
2175;
2342;
2197;
2106;
2541;
2192;
1729;
3015;
1870;
1978;
2647;
2239;
1835;
2623;
2150;
2168;
2391;
1980;
2629;
2109;
2021;
2579;
2428;
1657;
2823;
2315;
1944;
2466;
2460;
2159;
2291;
2327;
2445;
2388;
1896;
2906;
2233;
1984;
2614;
2633;
1776;
2657;
2500;
2089;
2471;
2279;
2506;
2249;
2214;
2443;
2623;
1728;
2684;
2521;
1900;
2372;
2611;
2050;
2193;
2500;
2197;
2345;
2011;
2582;
2223;
1996;
2354;
2588;
1744;
2389;
2531;
1929;
2282;
2364;
2238;
2135;
2312;
2182;
2482;
1876;
2453;
2437;
1995;
2245;
2626;
2032;
2160;
2631;
2088;
2323;
2269;
2463;
2211;
2292;
2316;
2570;
2010;
2405;
2618;
2042;
2360;
2549;
2265;
2165;
2607;
2195;
2433;
2227;
2445;
2396;
2219;
2290;
2591;
2132;
2184;
2663;
2089;
2262;
2403;
2387;
2083;
2429;
2254;
2355;
2099;
2339;
2444;
2038;
2261;
2461;
2179;
1998;
2618;
2086;
2199;
2273;
2350;
2159;
2226;
2266;
2379;
2117;
2155;
2572;
2067;
2179;
2427;
2370;
1971;
2497;
2332;
2200;
2225;
2423;
2356;
2146;
2349;
2479;
2263;
2078;
2705;
2193;
2210;
2431;
2473;
2141;
2379;
2436;
2326;
2262;
2315;
2551;
2154;
2290;
2458;
2431;
2005;
2557;
2374;
2140;
2311;
2450;
2246;
2182;
2387;
2343;
2228;
2119;
2563;
2144;
2153;
2367;
2391;
2017;
2324;
2402;
2137;
2214;
2296;
2350;
2100;
2279;
2315;
2321;
2001;
2471;
2304;
2095;
2303;
2436;
2170;
2181;
2450;
2255;
2240;
2228;
2513;
2171;
2265;
2397;
2417;
2097;
2400;
2485;
2151;
2327;
2431;
2358;
2196;
2438;
2362;
2357;
2162;
2526;
2340;
2173;
2386;
2473;
2195;
2240;
2543;
2217;
2243;
2353;
2450;
2118;
2327;
2366;
2331;
2107;
2385;
2409;
2081;
2301;
2396;
2233;
2103;
2428;
2248;
2209;
2178;
2431;
2193;
2142;
2345;
2354;
2123;
2204;
2502;
2117;
2185;
2379;
2350;
2069;
2376;
2342;
2261;
2158;
2422;
2374;
2110;
2373;
2412;
2246;
2169;
2529;
2276;
2228;
2337;
2483;
2190;
2287;
2441;
2345;
2227;
2322;
2539;
2152;
2297;
2462;
2349;
2128;
2467;
2367;
2228;
2261;
2457;
2312;
2147;
2417;
2346;
2223;
2200;
2489;
2210;
2188;
2354;
2385;
2098;
2297;
2374;
2219;
2187;
2289;
2408;
2073;
2289;
2378;
2234;
2102;
2430;
2283;
2140;
2275;
2430;
2170;
2157;
2476;
2256;
2149;
2303;
2510;
2088;
2205;
2529;
2346;
1985;
2447;
2559;
2087;
2136;
2586;
2529;
1843;
2378;
2775;
2175;
1816;
2751;
2726;
1704;
2142;
3117;
2194;
1520;
2803;
2967;
1572;
1880;
3399;
2244;
1197;
2807;
3284;
1248;
1840;
3599;
2204;
937;
2919;
3597;
920;
2008;
3766;
2036;
770;
3151;
3710;
732;
2168;
3927;
1752;
912;
3311;
3587;
696;
2275;
3975;
1626;
1023;
3335;
3620;
642;
2325;
3911;
1645;
1085;
3383;
3478;
712;
2387;
3711;
1704;
1168;
3431;
3130;
888;
2409;
3647;
1644;
1339;
3439;
2727;
1073;
2454;
3525;
1598;
1552;
3343;
2623;
1154;
2547;
3335;
1608;
1640;
3311;
2499;
1202;
2669;
3123;
1634;
1724;
3263;
2351;
1330;
2662;
3020;
1584;
1848;
3188;
2213;
1472;
2654;
2930;
1540;
2032;
3053;
2158;
1587;
2668;
2797;
1605;
2096;
3005;
2124;
1648;
2780;
2629;
1706;
2183;
2963;
2043;
1798;
2791;
2546;
1742;
2319;
2879;
2004;
1942;
2758;
2523;
1707;
2482;
2786;
1960;
2031;
2786;
2422;
1747;
2531;
2765;
1901;
2049;
2891;
2289;
1771;
2548;
2791;
1801;
2068;
2927;
2226;
1722;
2599;
2758;
1746;
2082;
2911;
2241;
1619;
2697;
2687;
1725;
2098;
2907;
2200;
1643;
2695;
2675;
1732;
2104;
2926;
2142;
1728;
2629;
2706;
1712;
2152;
2927;
2104;
1784;
2646;
2663;
1741;
2199;
2879;
2140;
1796;
2727;
2572;
1818;
2239;
2835;
2145;
1851;
2727;
2529;
1852;
2287;
2798;
2098;
1956;
2655;
2537;
1826;
2347;
2767;
2042;
2029;
2647;
2478;
1837;
2387;
2698;
2032;
2036;
2689;
2348;
1894;
2409;
2629;
2012;
2061;
2705;
2263;
1921;
2446;
2574;
1976;
2142;
2633;
2273;
1904;
2495;
2539;
1952;
2203;
2613;
2257;
1915;
2530;
2502;
1951;
2229;
2660;
2180;
2008;
2533;
2479;
1983;
2241;
2679;
2142;
2062;
2538;
2465;
1992;
2299;
2619;
2176;
2058;
2575;
2430;
2009;
2345;
2577;
2194;
2051;
2591;
2398;
2014;
2345;
2581;
2131;
2124;
2537;
2379;
2022;
2343;
2567;
2082;
2178;
2495;
2343;
2032;
2362;
2503;
2105;
2168;
2511;
2301;
2064;
2385;
2443;
2146;
2146;
2531;
2262;
2076;
2392;
2434;
2113;
2214;
2495;
2265;
2096;
2408;
2443;
2091;
2290;
2455;
2276;
2125;
2423;
2408;
2123;
2299;
2467;
2236;
2178;
2437;
2354;
2184;
2284;
2487;
2204;
2209;
2435;
2345;
2171;
2311;
2455;
2209;
2210;
2446;
2337;
2144;
2370;
2385;
2224;
2211;
2434;
2300;
2154;
2380;
2369;
2188;
2260;
2412;
2258;
2195;
2343;
2383;
2165;
2289;
2387;
2251;
2205;
2339;
2369;
2180;
2282;
2389;
2239;
2199;
2386;
2305;
2215;
2288;
2394;
2236;
2229;
2401;
2291;
2222;
2323;
2369;
2240;
2268;
2374;
2323;
2201;
2361;
2350;
2252;
2284;
2355;
2323;
2217;
2362;
2349;
2236;
2286;
2380;
2271;
2261;
2330;
2354;
2231;
2283;
2389;
2243;
2271;
2336;
2329;
2233;
2297;
2352;
2262;
2244;
2362;
2278;
2243;
2310;
2330;
2266;
2237;
2356;
2278;
2237;
2319;
2328;
2244;
2276;
2336;
2300;
2213;
2334;
2344;
2216;
2300;
2332;
2293;
2235;
2335;
2332;
2234;
2301;
2371;
2250;
2273;
2338;
2321;
2266;
2288;
2370;
2247;
2285;
2349;
2310;
2264;
2315;
2350;
2285;
2252;
2369;
2311;
2236;
2339;
2320;
2278;
2262;
2364;
2296;
2230;
2336;
2331;
2234;
2304;
2335;
2272;
2252;
2315;
2343;
2218;
2317;
2322;
2267;
2260;
2316;
2317;
2247;
2276;
2343;
2260;
2256;
2343;
2279;
2269;
2275;
2348;
2256;
2254;
2351;
2295;
2246;
2321;
2328;
2263;
2270;
2341;
2310;
2228;
2354;
2311;
2270;
2296;
2337;
2309;
2258;
2326;
2334;
2257;
2301;
2347;
2281;
2289;
2305;
2353;
2245;
2292;
2366;
2266;
2262;
2334;
2324;
2255;
2289;
2353;
2280;
2237;
2359;
2287;
2254;
2300;
2327;
2278;
2242;
2340;
2301;
2231;
2315;
2323;
2261;
2273;
2308;
2326;
2223;
2303;
2335;
2242;
2276;
2327;
2305;
2235;
2300;
2343;
2248;
2263;
2373;
2265;
2268;
2317;
2340;
2262;
2264;
2373;
2283;
2257;
2339;
2323;
2262;
2291;
2337;
2320;
2235;
2349;
2329;
2256;
2309;
2331;
2305;
2247;
2340;
2337;
2236;
2310;
2359;
2258;
2282;
2322;
2327;
2245;
2290;
2366;
2246;
2274;
2333;
2296;
2255;
2296;
2333;
2278;
2235;
2350;
2295;
2240;
2308;
2321;
2281;
2236;
2352;
2305;
2228;
2317;
2335;
2251;
2277;
2324;
2318;
2232;
2312;
2353;
2235;
2291;
2328;
2303;
2260;
2311;
2338;
2265;
2277;
2365;
2279;
2273;
2327;
2322;
2284;
2260;
2364;
2298;
2244;
2333;
2322;
2274;
2295;
2341;
2311;
2251;
2334;
2332;
2244;
2319;
2318;
2296;
2269;
2319;
2323;
2247;
2297;
2333;
2261;
2279;
2314;
2311;
2265;
2268;
2359;
2256;
2262;
2331;
2294;
2258;
2289;
2336;
2272;
2249;
2355;
2291;
2242;
2321;
2303;
2279;
2267;
2339;
2303;
2246;
2323;
2321;
2269;
2294;
2324;
2305;
2267;
2310;
2350;
2245;
2307;
2333;
2290;
2266;
2311;
2335;
2258;
2287;
2363;
2267;
2271;
2339;
2297;
2282;
2283;
2352;
2278;
2263;
2350;
2293;
2267;
2310;
2324;
2284;
2257;
2335;
2320;
2237;
2322;
2308;
2271;
2273;
2317;
2309;
2232;
2313;
2330;
2245;
2287;
2327;
2283;
2271;
2299;
2342;
2236;
2287;
2345;
2264;
2273;
2315;
2316;
2268;
2276;
2346;
2285;
2252;
2346;
2290;
2277;
2285;
2333;
2298;
2252;
2343;
2310;
2260;
2315;
2324;
2292;
2276;
2319;
2337;
2245;
2324;
2331;
2265;
2298;
2314;
2321;
2260;
2303;
2347;
2265;
2282;
2328;
2287;
2283;
2292;
2339;
2270;
2259;
2351;
2283;
2256;
2304;
2311;
2280;
2264;
2330;
2300;
2238;
2335;
2307;
2265;
2286;
2305;
2314;
2249;
2316;
2314;
2251;
2304;
2322;
2279;
2274;
2301;
2337;
2255;
2286;
2345;
2266;
2293;
2310;
2316;
2281;
2276;
2349;
2284;
2261;
2340;
2296;
2279;
2298;
2325;
2307;
2251;
2348;
2303;
2270;
2317;
2306;
2297;
2282;
2307;
2319;
2255;
2311;
2325;
2266;
2306;
2290;
2315;
2268;
2288;
2331;
2260;
2287;
2324;
2278;
2290;
2284;
2320;
2279;
2266;
2348;
2269;
2282;
2312;
2288;
2290;
2285;
2309;
2297;
2257;
2329;
2293;
2275;
2309;
2295;
2306;
2261;
2315;
2315;
2253;
2314;
2319;
2281;
2292;
2295;
2322;
2268;
2298;
2342;
2262;
2310;
2313;
2295;
2294;
2289;
2329;
2287;
2282;
2337;
2286;
2294;
2299;
2305;
2308;
2259;
2338;
2303;
2262;
2320;
2302;
2294;
2284;
2297;
2323;
2258;
2309;
2317;
2261;
2313;
2288;
2315;
2282;
2287;
2330;
2266;
2284;
2318;
2281;
2294;
2287;
2317;
2294;
2262;
2334;
2279;
2281;
2319;
2288;
2302;
2281;
2311;
2306;
2260;
2322;
2297;
2278;
2304;
2287;
2315;
2270;
2305;
2330;
2260;
2315;
2310;
2289;
2292;
2294;
2324;
2274;
2289;
2337;
2268;
2304;
2310;
2293;
2298;
2277;
2327;
2289;
2282;
2320;
2281;
2294;
2300;
2300;
2307;
2263;
2323;
2305;
2257;
2315;
2294;
2291;
2294;
2299;
2318;
2257;
2310;
2310;
2261;
2311;
2290;
2300;
2293;
2275;
2330;
2265;
2290;
2316;
2282;
2291;
2287;
2316;
2291;
2264;
2338;
2282;
2281;
2316;
2287;
2298;
2284;
2320;
2299;
2272;
2323;
2293;
2286;
2310;
2290;
2318;
2284;
2295;
2325;
2260;
2315;
2310;
2291;
2300;
2286;
2318;
2279;
2290;
2339;
2268;
2306;
2309;
2282;
2303;
2279;
2322;
2285;
2283;
2322;
2276;
2295;
2306;
2289;
2301;
2277;
2318;
2292;
2263;
2335;
2284;
2284;
2297;
2303;
2302;
2262;
2321;
2315;
2245;
2313;
2323;
2281;
2262;
2321;
2346;
2215;
2299;
2381;
2250;
2239;
2351;
2345;
2221;
2268;
2410;
2265;
2202;
2373;
2342;
2223;
2261;
2397;
2293;
2184;
2377;
2360;
2202;
2289;
2378;
2298;
2211;
2340;
2359;
2204;
2305;
2362;
2274;
2255;
2320;
2332;
2253;
2278;
2343;
2289;
2275;
2309;
2289;
2314;
2277;
2287;
2315;
2290;
2286;
2271;
2349;
2300;
2222;
2348;
2338;
2242;
2247;
2385;
2330;
2156;
2341;
2424;
2180;
2210;
2461;
2329;
2094;
2349;
2497;
2138;
2149;
2543;
2327;
2051;
2363;
2545;
2127;
2101;
2591;
2346;
1989;
2389;
2565;
2113;
2093;
2591;
2370;
1964;
2390;
2565;
2092;
2118;
2573;
2348;
2000;
2375;
2551;
2093;
2152;
2549;
2313;
2065;
2358;
2513;
2129;
2168;
2514;
2301;
2116;
2351;
2453;
2181;
2192;
2471;
2306;
2132;
2356;
2402;
2195;
2234;
2410;
2300;
2177;
2351;
2373;
2197;
2286;
2372;
2279;
2241;
2340;
2348;
2215;
2315;
2360;
2247;
2274;
2336;
2314;
2232;
2326;
2346;
2231;
2278;
2375;
2271;
2241;
2351;
2330;
2222;
2279;
2402;
2246;
2213;
2396;
2315;
2207;
2295;
2394;
2249;
2210;
2405;
2318;
2190;
2314;
2390;
2244;
2208;
2391;
2334;
2183;
2315;
2404;
2231;
2229;
2369;
2344;
2196;
2287;
2418;
2234;
2230;
2377;
2333;
2212;
2279;
2413;
2248;
2215;
2381;
2335;
2209;
2290;
2393;
2264;
2215;
2373;
2342;
2194;
2310;
2385;
2259;
2228;
2359;
2348;
2193;
2300;
2398;
2243;
2231;
2372;
2333;
2203;
2304;
2390;
2245;
2233;
2378;
2333;
2199;
2311;
2383;
2249;
2230;
2377;
2334;
2199;
2308;
2381;
2249;
2233;
2373;
2327;
2203;
2305;
2376;
2253;
2230;
2370;
2327;
2206;
2313;
2379;
2250;
2234;
2372;
2320;
2214;
2304;
2366;
2258;
2240;
2373;
2318;
2221;
2308;
2367;
2254;
2252;
2367;
2315;
2228;
2310;
2368;
2256;
2258;
2363;
2306;
2236;
2311;
2353;
2252;
2261;
2358;
2306;
2235;
2314;
2349;
2254;
2267;
2350;
2298;
2245;
2328;
2340;
2244;
2284;
2343;
2294;
2247;
2319;
2338;
2243;
2292;
2351;
2274;
2256;
2323;
2335;
2250;
2283;
2353;
2273;
2250;
2341;
2315;
2257;
2288;
2349;
2276;
2244;
2349;
2308;
2243;
2311;
2331;
2283;
2257;
2339;
2318;
2234;
2318;
2347;
2267;
2266;
2335;
2317;
2248;
2298;
2353;
2260;
2270;
2347;
2293;
2260;
2292;
2346;
2256;
2265;
2355;
2290;
2263;
2306;
2326;
2279;
2258;
2345;
2307;
2246;
2319;
2322;
2271;
2279;
2325;
2310;
2244;
2308;
2339;
2253;
2293;
2326;
2299;
2265;
2298;
2345;
2250;
2276;
2347;
2285;
2271;
2310;
2320;
2271;
2271;
2343;
2292;
2253;
2326;
2310;
2268;
2285;
2321;
2304;
2244;
2330;
2325;
2258;
2297;
2326;
2295;
2268;
2316;
2329;
2247;
2310;
2340;
2269;
2283;
2316;
2312;
2273;
2297;
2336;
2274;
2283;
2329;
2289;
2284;
2289;
2321;
2296;
2260;
2330;
2298;
2272;
2300;
2311;
2290;
2273;
2322;
2310;
2252;
2313;
2315;
2274;
2299;
2310;
2304;
2274;
2295;
2324;
2271;
2293;
2309;
2287;
2302;
2275;
2322;
2291;
2274;
2320;
2292;
2284;
2303;
2303;
2302;
2278;
2313;
2309;
2267;
2315;
2299;
2291;
2297;
2295;
2315;
2272;
2301;
2317;
2279;
2303;
2295;
2301;
2299;
2285;
2317;
2284;
2291;
2316;
2282;
2298;
2298;
2302;
2300;
2272;
2316;
2295;
2278;
2319;
2281;
2295;
2293;
2299;
2307;
2269;
2314;
2303;
2267;
2318;
2296;
2296;
2287;
2292;
2323;
2266;
2303;
2313;
2278;
2305;
2290;
2308;
2292;
2279;
2332;
2271;
2282;
2315;
2288;
2299;
2289;
2311;
2301;
2267;
2332;
2297;
2273;
2317;
2295;
2305;
2277;
2304;
2317;
2258;
2312;
2311;
2274;
2303;
2295;
2314;
2281;
2290;
2333;
2262;
2292;
2322;
2285;
2298;
2286;
2323;
2287;
2273;
2333;
2280;
2284;
2310;
2298;
2310;
2271;
2320;
2310;
2261;
2317;
2305;
2290;
2299;
2297;
2320;
2263;
2301;
2329;
2255;
2303;
2312;
2288;
2297;
2291;
2321;
2277;
2294;
2322;
2271;
2304;
2305;
2291;
2306;
2279;
2317;
2289;
2287;
2318;
2285;
2306;
2287;
2300;
2319;
2270;
2318;
2305;
2277;
2314;
2293;
2303;
2291;
2295;
2322;
2268;
2313;
2301;
2277;
2315;
2289;
2303;
2293;
2291;
2322;
2267;
2310;
2311;
2276;
2317;
2283;
2298;
2301;
2282;
2321;
2283;
2291;
2305;
2280;
2314;
2278;
2305;
2309;
2271;
2316;
2291;
2283;
2315;
2289;
2303;
2289;
2298;
2311;
2271;
2315;
2304;
2281;
2309;
2287;
2305;
2290;
2292;
2317;
2274;
2309;
2316;
2281;
2318;
2285;
2305;
2298;
2285;
2318;
2279;
2296;
2307;
2283;
2313;
2281;
2302;
2315;
2267;
2318;
2295;
2286;
2311;
2287;
2310;
2281;
2294;
2312;
2269;
2316;
2291;
2284;
2311;
2277;
2306;
2288;
2293;
2313;
2277;
2306;
2295;
2288;
2315;
2273;
2307;
2300;
2282;
2317;
2285;
2305;
2295;
2280;
2312;
2271;
2307;
2308;
2272;
2321;
2284;
2293;
2299;
2279;
2323;
2270;
2305;
2312;
2272;
2310;
2290;
2294;
2303;
2285;
2316;
2276;
2297;
2318;
2269;
2310;
2291;
2295;
2307;
2276;
2322;
2280;
2284;
2325;
2282;
2303;
2295;
2294;
2314;
2269;
2318;
2301;
2277;
2319;
2281;
2305;
2294;
2290;
2325;
2265;
2306;
2310;
2271;
2311;
2288;
2302;
2295;
2280;
2329;
2274;
2289;
2317;
2278;
2312;
2285;
2301;
2303;
2268;
2326;
2292;
2286;
2311;
2287;
2309;
2274;
2297;
2321;
2274;
2312;
2298;
2287;
2305;
2286;
2314;
2287;
2286;
2321;
2278;
2303;
2304;
2284;
2310;
2278;
2314;
2291;
2283;
2318;
2277;
2302;
2303;
2281;
2315;
2275;
2312;
2301;
2278;
2318;
2284;
2301;
2301;
2291;
2317;
2278;
2293;
2311;
2281;
2311;
2284;
2292;
2305;
2287;
2315;
2283;
2287;
2311;
2277;
2312;
2292;
2288;
2310;
2274;
2313;
2291;
2291;
2314;
2275;
2313;
2289;
2291;
2313;
2279;
2312;
2295;
2281;
2318;
2285;
2301;
2302;
2288;
2311;
2274;
2301;
2307;
2285;
2315;
2281;
2303;
2301;
2281;
2316;
2282;
2303;
2307;
2275;
2312;
2290;
2300;
2299;
2281;
2325;
2280;
2281;
2315;
2289;
2304;
2290;
2307;
2311;
2270;
2318;
2293;
2281;
2316;
2285;
2303;
2287;
2297;
2322;
2266;
2310;
2300;
2282;
2306;
2282;
2313;
2289;
2279;
2322;
2283;
2301;
2311;
2293;
2303;
2275;
2315;
2294;
2277;
2323;
2292;
2287;
2299;
2298;
2308;
2278;
2306;
2310;
2266;
2316;
2294;
2294;
2301;
2283;
2314;
2274;
2296;
2312;
2273;
2307;
2294;
2295;
2300;
2280;
2321;
2277;
2293;
2319;
2280;
2302;
2301;
2294;
2302;
2280;
2320;
2287;
2283;
2323;
2281;
2305;
2297;
2292;
2308;
2275;
2314;
2299;
2277;
2321;
2283;
2293;
2297;
2294;
2313;
2271;
2316;
2307;
2278;
2311;
2289;
2301;
2294;
2284;
2319;
2279;
2297;
2313;
2281;
2309;
2287;
2297;
2298;
2284;
2322;
2287;
2288;
2313;
2281;
2304;
2285;
2299;
2309;
2271;
2312;
2298;
2289;
2303;
2281;
2317;
2281;
2291;
2313;
2271;
2307;
2305;
2283;
2305;
2287;
2315;
2283;
2291;
2322;
2271;
2307;
2303;
2286;
2308;
2289;
2304;
2295;
2285;
2322;
2278;
2295;
2310;
2288;
2309;
2280;
2308;
2303;
2275;
2322;
2285;
2280;
2309;
2300;
2309;
2271;
2303;
2309;
2274;
2319;
2297;
2293;
2305;
2287;
2312;
2279;
2298;
2318;
2277;
2316;
2289;
2291;
2306;
2279;
2318;
2286;
2283;
2314;
2288;
2310;
2289;
2294;
2319;
2269;
2317;
2307;
2277;
2314;
2294;
2307;
2279;
2291;
2328;
2270;
2291;
2322;
2292;
2289;
2282;
2335;
2284;
2248;
2362;
2308;
2234;
2309;
2348;
2287;
2220;
2362;
2345;
2191;
2313;
2375;
2257;
2223;
2358;
2370;
2179;
2283;
2429;
2245;
2203;
2375;
2369;
2183;
2262;
2459;
2247;
2153;
2428;
2372;
2158;
2266;
2454;
2274;
2125;
2413;
2403;
2133;
2271;
2452;
2279;
2129;
2389;
2433;
2129;
2244;
2472;
2277;
2141;
2365;
2441;
2161;
2204;
2479;
2282;
2126;
2372;
2418;
2193;
2194;
2450;
2318;
2126;
2371;
2410;
2195;
2226;
2413;
2322;
2152;
2343;
2409;
2191;
2258;
2400;
2294;
2197;
2332;
2393;
2212;
2252;
2403;
2275;
2226;
2336;
2343;
2248;
2255;
2385;
2279;
2231;
2354;
2315;
2261;
2287;
2335;
2293;
2247;
2348;
2307;
2240;
2320;
2315;
2276;
2271;
2324;
2323;
2226;
2321;
2342;
2230;
2293;
2338;
2300;
2245;
2317;
2352;
2218;
2286;
2373;
2260;
2250;
2338;
2332;
2234;
2285;
2386;
2252;
2242;
2367;
2302;
2239;
2293;
2356;
2274;
2225;
2368;
2311;
2230;
2318;
2339;
2275;
2254;
2346;
2316;
2235;
2330;
2327;
2256;
2301;
2320;
2298;
2259;
2312;
2332;
2245;
2313;
2322;
2268;
2294;
2307;
2313;
2268;
2300;
2339;
2257;
2294;
2329;
2279;
2283;
2303;
2319;
2271;
2280;
2347;
2264;
2276;
2331;
2287;
2282;
2297;
2318;
2282;
2268;
2341;
2286;
2268;
2317;
2302;
2294;
2273;
2324;
2298;
2258;
2327;
2303;
2271;
2302;
2309;
2302;
2265;
2306;
2326;
2251;
2319;
2316;
2273;
2296;
2291;
2329;
2267;
2291;
2338;
2266;
2299;
2302;
2302;
2295;
2276;
2334;
2282;
2273;
2332;
2282;
2293;
2295;
2296;
2304;
2268;
2321;
2292;
2273;
2323;
2286;
2298;
2291;
2286;
2317;
2263;
2306;
2305;
2272;
2313;
2284;
2307;
2297;
2287;
2321;
2278;
2301;
2304;
2278;
2318;
2280;
2293;
2306;
2283;
2319;
2277;
2302;
2309;
2281;
2319;
2284;
2295;
2303;
2287;
2325;
2271;
2291;
2329;
2277;
2300;
2301;
2301;
2295;
2275;
2332;
2285;
2274;
2326;
2286;
2296;
2285;
2310;
2313;
2255;
2327;
2310;
2268;
2308;
2305;
2304;
2273;
2308;
2337;
2251;
2301;
2324;
2282;
2291;
2292;
2330;
2272;
2275;
2356;
2273;
2279;
2311;
2308;
2301;
2266;
2334;
2301;
2253;
2334;
2303;
2278;
2296;
2305;
2315;
2260;
2301;
2330;
2260;
2307;
2292;
2304;
2293;
2282;
2337;
2271;
2285;
2329;
2275;
2309;
2283;
2315;
2302;
2271;
2323;
2294;
2284;
2307;
2283;
2315;
2282;
2287;
2321;
2273;
2303;
2295;
2295;
2310;
2267;
2324;
2296;
2274;
2323;
2287;
2306;
2290;
2289;
2319;
2270;
2308;
2305;
2281;
2309;
2283;
2310;
2293;
2279;
2329;
2274;
2301;
2312;
2285;
2309;
2271;
2317;
2296;
2270;
2326;
2278;
2296;
2299;
2284;
2328;
2271;
2297;
2313;
2281;
2306;
2293;
2306;
2300;
2274;
2328;
2278;
2286;
2319;
2281;
2313;
2283;
2303;
2310;
2271;
2320;
2295;
2291;
2305;
2284;
2318;
2283;
2292;
2324;
2264;
2311;
2309;
2280;
2306;
2289;
2320;
2283;
2292;
2323;
2271;
2305;
2298;
2288;
2312;
2273;
2315;
2290;
2277;
2321;
2285;
2295;
2296;
2291;
2317;
2265;
2311;
2305;
2274;
2321;
2285;
2307;
2298;
2278;
2319;
2278;
2303;
2315;
2278;
2311;
2284;
2304;
2299;
2279;
2327;
2283;
2291;
2320;
2280;
2305;
2287;
2303;
2311;
2272;
2320;
2291;
2292;
2318;
2279;
2311;
2289;
2293;
2321;
2277;
2318;
2290;
2290;
2303;
2282;
2322;
2286;
2287;
2323;
2273;
2304;
2296;
2289;
2310;
2270;
2315;
2297;
2282;
2319;
2281;
2304;
2301;
2282;
2315;
2273;
2300;
2309;
2274;
2314;
2285;
2303;
2300;
2279;
2319;
2274;
2299;
2310;
2271;
2310;
2280;
2311;
2297;
2277;
2319;
2284;
2299;
2305;
2287;
2313;
2280;
2301;
2308;
2278;
2315;
2292;
2294;
2306;
2285;
2311;
2287;
2292;
2313;
2276;
2310;
2286;
2285;
2310;
2276;
2309;
2292;
2286;
2316;
2267;
2313;
2297;
2290;
2317;
2279;
2311;
2300;
2288;
2313;
2276;
2303;
2298;
2286;
2311;
2276;
2306;
2295;
2288;
2320;
2284;
2302;
2301;
2285;
2310;
2281;
2298;
2302;
2280;
2310;
2288;
2296;
2307;
2287;
2315;
2284;
2301;
2311;
2284;
2303;
2289;
2296;
2305;
2283;
2314;
2288;
2293;
2308;
2283;
2302;
2289;
2302;
2305;
2283;
2318;
2289;
2289;
2312;
2287;
2309;
2286;
2300;
2310;
2283;
2309;
2292;
2290;
2309;
2283;
2308;
2295;
2293;
2310;
2283;
2297;
2299;
2293;
2303;
2279;
2305;
2286;
2284;
2323;
2280;
2292;
2311;
2291;
2301;
2292;
2303;
2293;
2287;
2322;
2281;
2297;
2295;
2281;
2308;
2284;
2297;
2307;
2285;
2306;
2294;
2299;
2294;
2298;
2309;
2277;
2299;
2313;
2280;
2307;
2297;
2303;
2292;
2295;
2313;
2276;
2294;
2312;
2279;
2306;
2295;
2297;
2298;
2289;
2316;
2283;
2291;
2310;
2285;
2299;
2296;
2300;
2305;
2281;
2311;
2291;
2290;
2314;
2284;
2307;
2288;
2295;
2306;
2279;
2305;
2295;
2287;
2310;
2287;
2305;
2294;
2291;
2310;
2287;
2301;
2296;
2298;
2303;
2289;
2305;
2300;
2289;
2305;
2293;
2295;
2303;
2288;
2310;
2289;
2295;
2303;
2293;
2303;
2297;
2296;
2299;
2294;
2305;
2300;
2291;
2299;
2295;
2291;
2299;
2302;
2298;
2294;
2304;
2303;
2291;
2303;
2303;
2290;
2292;
2300;
2297;
2292;
2298;
2301;
2295;
2292;
2300;
2300;
2289;
2298;
2299;
2298;
2293;
2301;
2295;
2298;
2295;
2300;
2287;
2292;
2301;
2292;
2289;
2298;
2299;
2294;
2296;
2299;
2296;
2294;
2292;
2297;
2298;
2298;
2302;
2294;
2292;
2298;
2295;
2296;
2293;
2303;
2295;
2295;
2291;
2297;
2290;
2296;
2302;
2294;
2297;
2303;
2298;
2293;
2300;
2292;
2306;
2297;
2297;
2305;
2284;
2299;
2304;
2293;
2299;
2295;
2303;
2297;
2288;
2315;
2284;
2296;
2301;
2289;
2305;
2289;
2299;
2294;
2285;
2311;
2290;
2291;
2306;
2286;
2302;
2290;
2295;
2299;
2281;
2309;
2295;
2292;
2308;
2289;
2307;
2294;
2293;
2310;
2281;
2305;
2293;
2286;
2303;
2282;
2313;
2289;
2291;
2311;
2279;
2303;
2302;
2289;
2308;
2284;
2303;
2297;
2283;
2314;
2288;
2293;
2302;
2287;
2310;
2288;
2303;
2299;
2279;
2310;
2283;
2296;
2302;
2284;
2318;
2284;
2301;
2314;
2285;
2304;
2297;
2295;
2300;
2289;
2309;
2294;
2291;
2308;
2287;
2312;
2294;
2291;
2310;
2286;
2311;
2298;
2293;
2311;
2286;
2305;
2295;
2295;
2308;
2278;
2305;
2299;
2282;
2309;
2296;
2291;
2297;
2290;
2306;
2283;
2303;
2303;
2286;
2316;
2285;
2302;
2299;
2279;
2319;
2291;
2285;
2312;
2289;
2297;
2294;
2299;
2303;
2283;
2315;
2284;
2295;
2310;
2286;
2306;
2298;
2293;
2313;
2285;
2307;
2295;
2289;
2306;
2285;
2311;
2289;
2291;
2316;
2282;
2299;
2307;
2286;
2303;
2289;
2305;
2293;
2282;
2315;
2285;
2289;
2302;
2289;
2309;
2289;
2300;
2304;
2276;
2317;
2286;
2288;
2299;
2285;
2316;
2282;
2299;
2312;
2276;
2303;
2295;
2289;
2301;
2287;
2315;
2281;
2286;
2319;
2274;
2303;
2298;
2293;
2304;
2282;
2310;
2295;
2277;
2321;
2280;
2304;
2299;
2284;
2309;
2282;
2305;
2300;
2281;
2318;
2286;
2301;
2307;
2281;
2315;
2284;
2298;
2311;
2274;
2316;
2290;
2298;
2305;
2282;
2325;
2277;
2296;
2314;
2275;
2311;
2289;
2289;
2307;
2277;
2319;
2284;
2286;
2316;
2281;
2310;
2292;
2292;
2310;
2281;
2313;
2298;
2279;
2310;
2280;
2302;
2303;
2285;
2317;
2280;
2301;
2301;
2281;
2308;
2282;
2308;
2304;
2271;
2323;
2294;
2283;
2299;
2294;
2319;
2265;
2308;
2327;
2258;
2311;
2311;
2291;
2287;
2285;
2336;
2263;
2275;
2348;
2286;
2281;
2303;
2311;
2288;
2268;
2350;
2294;
2247;
2332;
2310;
2282;
2272;
2339;
2314;
2234;
2334;
2327;
2250;
2289;
2331;
2308;
2250;
2300;
2348;
2246;
2285;
2338;
2287;
2279;
2286;
2343;
2275;
2244;
2351;
2299;
2259;
2299;
2327;
2300;
2242;
2334;
2329;
2242;
2304;
2327;
2287;
2263;
2309;
2341;
2243;
2293;
2343;
2262;
2284;
2309;
2317;
2275;
2271;
2341;
2293;
2267;
2323;
2305;
2291;
2272;
2329;
2318;
2254;
2311;
2323;
2262;
2305;
2300;
2313;
2278;
2293;
2335;
2269;
2295;
2316;
2278;
2303;
2287;
2308;
2299;
2276;
2327;
2286;
2295;
2314;
2270;
2315;
2290;
2291;
2310;
2283;
2311;
2278;
2296;
2316;
2270;
2310;
2294;
2289;
2315;
2271;
2325;
2290;
2279;
2319;
2279;
2303;
2294;
2297;
2314;
2262;
2319;
2300;
2269;
2319;
2289;
2305;
2284;
2292;
2323;
2264;
2306;
2309;
2277;
2310;
2284;
2307;
2299;
2283;
2325;
2271;
2300;
2310;
2275;
2314;
2291;
2300;
2306;
2275;
2323;
2283;
2290;
2318;
2271;
2302;
2291;
2295;
2303;
2280;
2316;
2283;
2279;
2330;
2282;
2298;
2303;
2303;
2302;
2273;
2334;
2287;
2305;
2297;
2283;
2315;
2282;
2307;
2303;
2277;
2322;
2281;
2303;
2303;
2281;
2316;
2283;
2301;
2302;
2279;
2314;
2285;
2295;
2303;
2275;
2315;
2281;
2300;
2304;
2282;
2317;
2287;
2297;
2305;
2282;
2314;
2292;
2291;
2314;
2277;
2316;
2295;
2291;
2305;
2279;
2305;
2287;
2295;
2315;
2276;
2313;
2289;
2285;
2316;
2283;
2308;
2294;
2292;
2310;
2276;
2314;
2300;
2279;
2312;
2282;
2311;
2292;
2286;
2307;
2291;
2303;
2293;
2290;
2309;
2279;
2308;
2302;
2281;
2318;
2279;
2299;
2301;
2286;
2310;
2284;
2302;
2297;
2285;
2316;
2282;
2294;
2307;
2279;
2308;
2293;
2295;
2301;
2287;
2315;
2285;
2299;
2307;
2277;
2310;
2287;
2301;
2306;
2285;
2307;
2284;
2293;
2305;
2282;
2311;
2296;
2294;
2316;
2285;
2296;
2301;
2289;
2307;
2281;
2307;
2297;
2288;
2318;
2284;
2303;
2303;
2284;
2309;
2285;
2297;
2302;
2288;
2314;
2286;
2299;
2306;
2285;
2309;
2284;
2293;
2303;
2284;
2309;
2287;
2296;
2309;
2288;
2303;
2292;
2291;
2309;
2282;
2304;
2291;
2293;
2307;
2283;
2306;
2298;
2293;
2303;
2287;
2303;
2298;
2285;
2308;
2285;
2299;
2298;
2291;
2298;
2293;
2305;
2296;
2282;
2304;
2292;
2294;
2302;
2285;
2301;
2297;
2297;
2299;
2296;
2298;
2302;
2296;
2290;
2298;
2292;
2297;
2301;
2297;
2298;
2297;
2298;
2301;
2296;
2294;
2296;
2298;
2295;
2292;
2296;
2296;
2300;
2294;
2293;
2294;
2298;
2297;
2298;
2292;
2293;
2292;
2298;
2297;
2294;
2302;
2297;
2295;
2295;
2294;
2299;
2294;
2294;
2294;
2295;
2297;
2292;
2299;
2298;
2300;
2299;
2303;
2299;
2299;
2293;
2296;
2303;
2293;
2296;
2295;
2289;
2297;
2296;
2299;
2293;
2302;
2304;
2297;
2298;
2288;
2297;
2294;
2297;
2304;
2283;
2299;
2300;
2289;
2308;
2289;
2297;
2294;
2293;
2306;
2282;
2301;
2300;
2290;
2304;
2288;
2307;
2297;
2287;
2305;
2286;
2304;
2300;
2292;
2307;
2285;
2302;
2303;
2286;
2307;
2292;
2299;
2302;
2286;
2302;
2290;
2297;
2300;
2284;
2311;
2294;
2289;
2309;
2285;
2309;
2291;
2295;
2306;
2284;
2311;
2295;
2293;
2316;
2283;
2304;
2294;
2291;
2310;
2285;
2304;
2298;
2282;
2316;
2280;
2301;
2296;
2284;
2314;
2282;
2300;
2299;
2286;
2314;
2280;
2302;
2302;
2283;
2312;
2280;
2300;
2310;
2278;
2308;
2288;
2299;
2302;
2281;
2306;
2291;
2287;
2310;
2283;
2311;
2290;
2295;
2307;
2281;
2305;
2296;
2293;
2309;
2287;
2313;
2292;
2292;
2311;
2281;
2300;
2298;
2286;
2315;
2278;
2292;
2303;
2293;
2307;
2290;
2301;
2299;
2294;
2313;
2275;
2297;
2309;
2278;
2311;
2298;
2293;
2303;
2291;
2308;
2280;
2299;
2313;
2281;
2306;
2296;
2294;
2305;
2280;
2310;
2286;
2294;
2311;
2285;
2299;
2298;
2293;
2308;
2281;
2314;
2290;
2284;
2312;
2281;
2301;
2296;
2297;
2303;
2277;
2304;
2295;
2289;
2318;
2281;
2299;
2301;
2285;
2311;
2282;
2304;
2306;
2281;
2307;
2290;
2300;
2308;
2284;
2317;
2286;
2293;
2310;
2277;
2309;
2290;
2299;
2304;
2281;
2317;
2283;
2292;
2311;
2278;
2312;
2296;
2289;
2315;
2272;
2308;
2290;
2285;
2319;
2281;
2307;
2297;
2288;
2314;
2277;
2310;
2293;
2287;
2315;
2280;
2304;
2299;
2283;
2315;
2280;
2307;
2307;
2280;
2310;
2286;
2297;
2308;
2281;
2320;
2284;
2294;
2307;
2275;
2313;
2288;
2295;
2313;
2273;
2319;
2290;
2286;
2315;
2268;
2311;
2289;
2286;
2315;
2271;
2310;
2295;
2281;
2316;
2277;
2306;
2297;
2288;
2316;
2281;
2303;
2303;
2288;
2305;
2276;
2306;
2294;
2278;
2317;
2278;
2297;
2311;
2283;
2310;
2271;
2310;
2305;
2280;
2321;
2278;
2300;
2313;
2277;
2303;
2286;
2301;
2295;
2277;
2320;
2283;
2294;
2309;
2278;
2309;
2296;
2292;
2310;
2279;
2316;
2276;
2293;
2318;
2270;
2316;
2287;
2287;
2318;
2267;
2309;
2294;
2283;
2315;
2273;
2316;
2286;
2285;
2319;
2271;
2311;
2293;
2286;
2313;
2278;
2305;
2299;
2281;
2316;
2275;
2307;
2302;
2279;
2317;
2287;
2297;
2309;
2279;
2319;
2279;
2297;
2307;
2278;
2323;
2276;
2297;
2311;
2276;
2312;
2291;
2299;
2308;
2271;
2313;
2290;
2290;
2309;
2275;
2315;
2293;
2283;
2316;
2279;
2304;
2300;
2286;
2314;
2273;
2307;
2298;
2272;
2325;
2279;
2297;
2305;
2282;
2317;
2279;
2299;
2303;
2272;
2318;
2275;
2299;
2304;
2274;
2316;
2279;
2297;
2306;
2277;
2320;
2286;
2287;
2310;
2275;
2317;
2287;
2290;
2318;
2277;
2308;
2289;
2290;
2313;
2273;
2311;
2290;
2287;
2315;
2275;
2304;
2295;
2282;
2322;
2272;
2310;
2296;
2287;
2321;
2274;
2305;
2301;
2277;
2315;
2279;
2309;
2294;
2277;
2321;
2276;
2302;
2309;
2276;
2318;
2275;
2295;
2302;
2282;
2321;
2278;
2293;
2311;
2277;
2318;
2279;
2292;
2310;
2273;
2320;
2284;
2286;
2311;
2279;
2310;
2285;
2291;
2316;
2276;
2316;
2290;
2279;
2311;
2272;
2311;
2302;
2285;
2318;
2270;
2306;
2300;
2279;
2321;
2280;
2301;
2301;
2281;
2327;
2279;
2306;
2305;
2273;
2319;
2285;
2314;
2271;
2318;
2297;
2274;
2321;
2284;
2299;
2298;
2283;
2310;
2285;
2306;
2305;
2279;
2317;
2285;
2303;
2305;
2276;
2321;
2289;
2291;
2308;
2282;
2310;
2295;
2298;
2303;
2282;
2320;
2278;
2298;
2313;
2274;
2318;
2294;
2292;
2310;
2280;
2312;
2285;
2293;
2314;
2276;
2316;
2287;
2290;
2317;
2271;
2314;
2290;
2283;
2311;
2282;
2307;
2290;
2290;
2309;
2268;
2319;
2295;
2283;
2321;
2275;
2298;
2299;
2284;
2314;
2278;
2307;
2294;
2285;
2319;
2276;
2305;
2305;
2274;
2318;
2278;
2298;
2300;
2281;
2309;
2286;
2304;
2299;
2278;
2321;
2278;
2300;
2311;
2273;
2316;
2287;
2294;
2303;
2277;
2315;
2282;
2299;
2307;
2277;
2319;
2291;
2292;
2311;
2278;
2315;
2291;
2285;
2316;
2280;
2316;
2287;
2295;
2311;
2276;
2316;
2286;
2283;
2316;
2279;
2303;
2298;
2294;
2307;
2281;
2316;
2286;
2286;
2318;
2277;
2302;
2298;
2284;
2318;
2283;
2305;
2297;
2286;
2317;
2284;
2303;
2297;
2280;
2312;
2280;
2305;
2297;
2280;
2314;
2283;
2294;
2306;
2281;
2309;
2285;
2298;
2306;
2275;
2315;
2288;
2296;
2307;
2275;
2317;
2287;
2293;
2312;
2276;
2307;
2289;
2298;
2308;
2274;
2316;
2291;
2285;
2312;
2287;
2306;
2294;
2283;
2307;
2279;
2310;
2299;
2284;
2303;
2286;
2311;
2294;
2291;
2316;
2281;
2295;
2306;
2289;
2307;
2277;
2311;
2299;
2277;
2311;
2286;
2297;
2297;
2297;
2307;
2275;
2309;
2306;
2276;
2306;
2296;
2298;
2290;
2293;
2317;
2275;
2299;
2311;
2282;
2305;
2293;
2300;
2296;
2283;
2319;
2291;
2286;
2305;
2296;
2305;
2282;
2311;
2307;
2267;
2320;
2302;
2279;
2303;
2293;
2301;
2285;
2303;
2302;
2280;
2311;
2294;
2287;
2305;
2287;
2308;
2293;
2285;
2306;
2287;
2302;
2290;
2292;
2309;
2278;
2321;
2291;
2287;
2306;
2289;
2296;
2293;
2295;
2303;
2281;
2314;
2290;
2284;
2317;
2287;
2297;
2302;
2289;
2297;
2283;
2310;
2297;
2281;
2321;
2288;
2293;
2296;
2291;
2307;
2275;
2303;
2306;
2280;
2311;
2299;
2298;
2295;
2292;
2318;
2280;
2293;
2314;
2282;
2300;
2296;
2304;
2294;
2286;
2315;
2290;
2285;
2311;
2291;
2302;
2284;
2303;
2310;
2271;
2300;
2305;
2292;
2291;
2297;
2310;
2283;
2295;
2316;
2281;
2291;
2308;
2297;
2289;
2294;
2309;
2294;
2279;
2309;
2300;
2289;
2291;
2303;
2294;
2288;
2303;
2306;
2278;
2299;
2311;
2296;
2286;
2305;
2299;
2286;
2298;
2307;
2295;
2290;
2301;
2301;
2289;
2291;
2307;
2289;
2290;
2301;
2299;
2292;
2294;
2296;
2291;
2290;
2296;
2301;
2295;
2297;
2294;
2299;
2295;
2297;
2301;
2298;
2297;
2295;
2294;
2297;
2298;
2298;
2297;
2291;
2295;
2296;
2294;
2295;
2292;
2294;
2298;
2302;
2295;
2299;
2294;
2307;
2300;
2292;
2297;
2302;
2292;
2300;
2301;
2293;
2289;
2303;
2294;
2294;
2305;
2289;
2297;
2302;
2301;
2297;
2282;
2308;
2292;
2290;
2314;
2288;
2295;
2293;
2293;
2306;
2285;
2305;
2299;
2285;
2304;
2295;
2298;
2295;
2292;
2307;
2278;
2302;
2301;
2278;
2302;
2289;
2295;
2298;
2288;
2307;
2285;
2293;
2315;
2282;
2299;
2290;
2300;
2298;
2284;
2319;
2293;
2291;
2316;
2291;
2296;
2297;
2296;
2303;
2274;
2311;
2298;
2287;
2309;
2291;
2297;
2289;
2294;
2314;
2275;
2310;
2305;
2288;
2307;
2291;
2307;
2291;
2284;
2318;
2277;
2293;
2307;
2293;
2305;
2285;
2307;
2298;
2277;
2311;
2286;
2297;
2304;
2295;
2306;
2286;
2306;
2301;
2274;
2313;
2298;
2286;
2301;
2291;
2305;
2283;
2296;
2312;
2280;
2300;
2302;
2294;
2303;
2282;
2316;
2287;
2290;
2314;
2284;
2297;
2302;
2295;
2299;
2282;
2310;
2296;
2283;
2314;
2285;
2299;
2296;
2292;
2303;
2282;
2299;
2309;
2286;
2297;
2294;
2298;
2303;
2290;
2317;
2281;
2296;
2311;
2278;
2305;
2302;
2286;
2297;
2286;
2307;
2290;
2284;
2311;
2278;
2301;
2297;
2299;
2309;
2279;
2311;
2297;
2282;
2313;
2293;
2293;
2295;
2297;
2307;
2274;
2309;
2306;
2281;
2303;
2291;
2299;
2298;
2290;
2315;
2274;
2298;
2311;
2282;
2306;
2295;
2304;
2297;
2286;
2315;
2281;
2290;
2316;
2282;
2303;
2287;
2300;
2302;
2274;
2319;
2291;
2286;
2313;
2286;
2308;
2286;
2297;
2313;
2276;
2310;
2298;
2289;
2302;
2279;
2308;
2299;
2288;
2311;
2280;
2305;
2306;
2283;
2316;
2280;
2303;
2298;
2276;
2321;
2283;
2296;
2311;
2290;
2313;
2282;
2303;
2308;
2272;
2316;
2294;
2293;
2305;
2279;
2316;
2286;
2291;
2317;
2273;
2308;
2293;
2293;
2306;
2279;
2316;
2286;
2288;
2322;
2275;
2306;
2301;
2293;
2307;
2282;
2306;
2294;
2289;
2318;
2279;
2304;
2302;
2278;
2315;
2278;
2305;
2307;
2278;
2318;
2285;
2304;
2297;
2279;
2323;
2273;
2297;
2317;
2283;
2306;
2290;
2295;
2302;
2284;
2314;
2283;
2297;
2326;
2268;
2305;
2299;
2290;
2300;
2284;
2318;
2279;
2287;
2315;
2277;
2310;
2286;
2290;
2314;
2272;
2316;
2292;
2285;
2315;
2284;
2307;
2287;
2300;
2318;
2272;
2307;
2307;
2283;
2303;
2284;
2307;
2290;
2289;
2322;
2273;
2303;
2310;
2281;
2306;
2293;
2304;
2301;
2287;
2321;
2277;
2298;
2306;
2278;
2317;
2279;
2296;
2308;
2272;
2310;
2289;
2299;
2299;
2287;
2317;
2280;
2299;
2295;
2271;
2313;
2299;
2285;
2312;
2285;
2303;
2289;
2292;
2313;
2276;
2307;
2303;
2281;
2319;
2276;
2295;
2309;
2276;
2316;
2282;
2302;
2301;
2281;
2322;
2277;
2302;
2314;
2272;
2310;
2285;
2296;
2305;
2278;
2317;
2280;
2297;
2312;
2277;
2311;
2285;
2292;
2307;
2282;
2313;
2287;
2291;
2313;
2273;
2318;
2291;
2286;
2317;
2275;
2306;
2295;
2283;
2312;
2282;
2311;
2292;
2283;
2320;
2269;
2309;
2308;
2273;
2320;
2284;
2303;
2301;
2286;
2319;
2276;
2305;
2308;
2270;
2319;
2283;
2296;
2313;
2272;
2317;
2278;
2309;
2300;
2267;
2319;
2292;
2293;
2307;
2276;
2314;
2283;
2289;
2309;
2279;
2315;
2290;
2289;
2311;
2278;
2317;
2294;
2284;
2320;
2273;
2308;
2298;
2279;
2318;
2273;
2309;
2297;
2278;
2321;
2279;
2297;
2300;
2282;
2315;
2278;
2309;
2304;
2276;
2320;
2284;
2306;
2306;
2282;
2322;
2284;
2297;
2314;
2276;
2315;
2287;
2299;
2308;
2275;
2317;
2287;
2287;
2317;
2274;
2314;
2290;
2290;
2314;
2274;
2315;
2284;
2285;
2319;
2275;
2314;
2294;
2280;
2313;
2276;
2312;
2299;
2279;
2318;
2278;
2308;
2300;
2282;
2317;
2278;
2301;
2300;
2278;
2322;
2280;
2301;
2307;
2278;
2313;
2280;
2292;
2307;
2277;
2313;
2287;
2302;
2306;
2277;
2313;
2283;
2293;
2305;
2282;
2315;
2287;
2286;
2312;
2277;
2310;
2287;
2285;
2310;
2274;
2314;
2293;
2281;
2316;
2278;
2311;
2298;
2285;
2311;
2279;
2305;
2296;
2275;
2319;
2280;
2303;
2306;
2277;
2308;
2285;
2311;
2297;
2276;
2318;
2281;
2298;
2301;
2286;
2318;
2283;
2296;
2304;
2284;
2314;
2283;
2297;
2306;
2278;
2318;
2279;
2300;
2313;
2277;
2311;
2290;
2297;
2304;
2283;
2310;
2290;
2291;
2316;
2273;
2313;
2296;
2283;
2309;
2281;
2309;
2290;
2289;
2319;
2280;
2306;
2298;
2284;
2317;
2278;
2303;
2299;
2285;
2316;
2283;
2301;
2299;
2281;
2317;
2278;
2304;
2299;
2277;
2321;
2279;
2294;
2299;
2284;
2311;
2283;
2294;
2307;
2277;
2311;
2284;
2291;
2313;
2275;
2307;
2291;
2299;
2305;
2278;
2317;
2285;
2283;
2314;
2276;
2311;
2295;
2284;
2308;
2279;
2319;
2285;
2294;
2318;
2274;
2311;
2295;
2291;
2319;
2275;
2309;
2305;
2286;
2314;
2288;
2304;
2296;
2282;
2317;
2280;
2303;
2306;
2282;
2321;
2276;
2298;
2302;
2289;
2310;
2283;
2305;
2301;
2279;
2319;
2282;
2302;
2309;
2283;
2309;
2285;
2293;
2315;
2276;
2307;
2286;
2300;
2309;
2279;
2316;
2292;
2289;
2310;
2281;
2315;
2286;
2291;
2313;
2280;
2313;
2292;
2289;
2314;
2278;
2313;
2298;
2286;
2313;
2282;
2317;
2292;
2282;
2315;
2280;
2297;
2300;
2283;
2316;
2283;
2294;
2302;
2292;
2316;
2283;
2306;
2305;
2277;
2311;
2283;
2303;
2308;
2271;
2309;
2288;
2297;
2303;
2280;
2316;
2283;
2297;
2310;
2281;
2319;
2289;
2291;
2313;
2284;
2311;
2293;
2298;
2308;
2270;
2306;
2293;
2286;
2316;
2278;
2309;
2289;
2279;
2310;
2285;
2309;
2295;
2290;
2312;
2283;
2306;
2300;
2281;
2317;
2284;
2300;
2303;
2283;
2315;
2279;
2305;
2302;
2281;
2315;
2281;
2295;
2302;
2284;
2310;
2283;
2300;
2307;
2277;
2317;
2282;
2294;
2309;
2281;
2320;
2286;
2290;
2315;
2274;
2311;
2287;
2292;
2308;
2270;
2313;
2296;
2290;
2315;
2282;
2305;
2295;
2285;
2308;
2284;
2314;
2293;
2288;
2317;
2278;
2302;
2304;
2279;
2303;
2289;
2308;
2296;
2282;
2316;
2283;
2305;
2302;
2278;
2316;
2286;
2298;
2306;
2281;
2316;
2288;
2298;
2304;
2286;
2311;
2282;
2300;
2300;
2278;
2318;
2289;
2294;
2309;
2278;
2311;
2292;
2299;
2304;
2279;
2313;
2289;
2291;
2311;
2285;
2313;
2288;
2284;
2313;
2283;
2312;
2288;
2284;
2315;
2286;
2303;
2292;
2294;
2315;
2275;
2308;
2295;
2278;
2313;
2285;
2306;
2298;
2290;
2315;
2277;
2307;
2300;
2276;
2317;
2278;
2299;
2306;
2289;
2313;
2276;
2297;
2311;
2273;
2306;
2284;
2298;
2304;
2274;
2319;
2282;
2292;
2310;
2281;
2314;
2285;
2295;
2311;
2279;
2313;
2288;
2290;
2312;
2279;
2310;
2291;
2299;
2309;
2272;
2321;
2298;
2281;
2312;
2284;
2307;
2289;
2291;
2308;
2281;
2307;
2292;
2291;
2316;
2280;
2306;
2295;
2284;
2323;
2275;
2302;
2294;
2291;
2309;
2283;
2302;
2299;
2283;
2322;
2282;
2297;
2297;
2277;
2318;
2279;
2303;
2307;
2275;
2311;
2286;
2298;
2307;
2284;
2319;
2283;
2295;
2307;
2276;
2316;
2287;
2294;
2310;
2282;
2313;
2292;
2297;
2309;
2279;
2314;
2288;
2297;
2306;
2274;
2321;
2289;
2290;
2317;
2279;
2313;
2289;
2292;
2318;
2273;
2311;
2292;
2287;
2319;
2281;
2304;
2287;
2287;
2317;
2275;
2310;
2300;
2289;
2315;
2277;
2306;
2295;
2289;
2321;
2269;
2306;
2306;
2277;
2315;
2281;
2306;
2301;
2280;
2322;
2275;
2303;
2306;
2283;
2316;
2279;
2304;
2309;
2274;
2322;
2279;
2299;
2304;
2279;
2314;
2280;
2299;
2305;
2273;
2324;
2283;
2302;
2311;
2273;
2313;
2287;
2297;
2312;
2275;
2312;
2289;
2295;
2306;
2273;
2322;
2287;
2289;
2317;
2277;
2300;
2292;
2288;
2314;
2275;
2314;
2292;
2286;
2320;
2271;
2303;
2301;
2278;
2319;
2274;
2310;
2299;
2281;
2315;
2271;
2308;
2296;
2286;
2319;
2275;
2311;
2311;
2265;
2318;
2286;
2303;
2301;
2287;
2324;
2268;
2303;
2312;
2271;
2317;
2287;
2297;
2295;
2286;
2321;
2285;
2295;
2315;
2280;
2317;
2285;
2302;
2310;
2271;
2317;
2281;
2292;
2316;
2276;
2310;
2275;
2295;
2312;
2272;
2311;
2292;
2287;
2315;
2277;
2311;
2292;
2292;
2316;
2271;
2314;
2294;
2289;
2316;
2278;
2307;
2293;
2281;
2314;
2283;
2309;
2297;
2290;
2320;
2275;
2308;
2300;
2275;
2322;
2282;
2307;
2304;
2279;
2316;
2280;
2298;
2306;
2279;
2317;
2276;
2294;
2308;
2275;
2315;
2286;
2292;
2315;
2281;
2318;
2290;
2295;
2304;
2280;
2315;
2283;
2289;
2314;
2274;
2311;
2293;
2292;
2318;
2276;
2311;
2292;
2288;
2316;
2278;
2314;
2285;
2289;
2325;
2271;
2312;
2298;
2281;
2316;
2284;
2306;
2294;
2287;
2314;
2279;
2309;
2294;
2284;
2316;
2278;
2306;
2304;
2275;
2318;
2284;
2303;
2296;
2286;
2319;
2277;
2306;
2302;
2270;
2319;
2279;
2293;
2311;
2283;
2314;
2287;
2300;
2307;
2278;
2317;
2277;
2299;
2310;
2274;
2316;
2282;
2294;
2314;
2275;
2314;
2290;
2302;
2305;
2283;
2311;
2287;
2300;
2308;
2272;
2306;
2291;
2298;
2305;
2284;
2309;
2288;
2296;
2310;
2279;
2317;
2278;
2297;
2309;
2268;
2318;
2283;
2292;
2314;
2271;
2320;
2281;
2296;
2312;
2269;
2318;
2288;
2295;
2316;
2276;
2310;
2294;
2296;
2318;
2274;
2313;
2291;
2291;
2311;
2274;
2309;
2294;
2283;
2318;
2275;
2315;
2297;
2281;
2319;
2272;
2307;
2302;
2291;
2317;
2277;
2312;
2295;
2282;
2319;
2275;
2304;
2301;
2279;
2318;
2278;
2303;
2309;
2280;
2315;
2281;
2305;
2305;
2279;
2310;
2281;
2305;
2308;
2275;
2314;
2284;
2298;
2302;
2278;
2315;
2283;
2295;
2311;
2275;
2311;
2290;
2293;
2309;
2274;
2318;
2287;
2290;
2315;
2276;
2309;
2292;
2295;
2311;
2274;
2311;
2291;
2283;
2312;
2277;
2304;
2297;
2286;
2308;
2277;
2308;
2289;
2289;
2315;
2282;
2303;
2307;
2289;
2308;
2286;
2302;
2300;
2285;
2304;
2287;
2310;
2295;
2282;
2316;
2279;
2303;
2302;
2283;
2313;
2281;
2304;
2297;
2280;
2313;
2285;
2307;
2302;
2283;
2308;
2290;
2298;
2304;
2284;
2309;
2280;
2307;
2301;
2277;
2316;
2285;
2293;
2311;
2284;
2305;
2294;
2300;
2304;
2279;
2312;
2296;
2286;
2322;
2282;
2299;
2300;
2290;
2311;
2286;
2302;
2301;
2287;
2311;
2282;
2303;
2299;
2286;
2308;
2285;
2301;
2304;
2280;
2316;
2285;
2295;
2300;
2287;
2308;
2285;
2303;
2309;
2284;
2309;
2293;
2299;
2303;
2284;
2306;
2285;
2296;
2308;
2282;
2302;
2296;
2297;
2298;
2282;
2307;
2290;
2289;
2309;
2284;
2298;
2294;
2295;
2308;
2286;
2306;
2294;
2286;
2300;
2289;
2301;
2297;
2287;
2305;
2289;
2298;
2303;
2295;
2297;
2298;
2298;
2292;
2298;
2299;
2295;
2294;
2301;
2297;
2295;
2299;
2298;
2293;
2301;
2297;
2300;
2293;
2297;
2296;
2290;
2295;
2293;
2298;
2298;
2298;
2294;
2296;
2299;
2302;
2297;
2298;
2298;
2303;
2294;
2295;
2299;
2295;
2301;
2303;
2290;
2295;
2303;
2298;
2292;
2299;
2298;
2295;
2299;
2297;
2299;
2297;
2298;
2301;
2293;
2295;
2300;
2295;
2293;
2297;
2292;
2293;
2291;
2298;
2296;
2295;
2303;
2294;
2299;
2296;
2289;
2299;
2301;
2291;
2302;
2294;
2294;
2303;
2291;
2298;
2291;
2291;
2306;
2285;
2304;
2298;
2293;
2301;
2294;
2299;
2290;
2287;
2306;
2288;
2300;
2302;
2291;
2306;
2291;
2302;
2300;
2290;
2310;
2285;
2301;
2302;
2284;
2303;
2294;
2296;
2304;
2280;
2309;
2293;
2295;
2305;
2283;
2307;
2287;
2293;
2304;
2287;
2308;
2293;
2294;
2308;
2287;
2302;
2289;
2298;
2308;
2278;
2305;
2298;
2286;
2308;
2280;
2297;
2300;
2291;
2311;
2283;
2306;
2297;
2289;
2316;
2281;
2305;
2301;
2283;
2311;
2283;
2298;
2295;
2285;
2310;
2282;
2301;
2307;
2282;
2309;
2291;
2294;
2306;
2285;
2308;
2291;
2290;
2306;
2290;
2303;
2291;
2300;
2310;
2279;
2313;
2297;
2285;
2308;
2290;
2301;
2297;
2291;
2311;
2283;
2305;
2294;
2285;
2314;
2282;
2307;
2300;
2282;
2308;
2288;
2295;
2301;
2291;
2305;
2287;
2303;
2296;
2282;
2311;
2286;
2295;
2310;
2284;
2308;
2293;
2295;
2298;
2290;
2309;
2289;
2298;
2309;
2289;
2306;
2290;
2290;
2305;
2279;
2304;
2298;
2289;
2301;
2284;
2311;
2295;
2287;
2313;
2283;
2303;
2299;
2288;
2311;
2286;
2308;
2295;
2287;
2312;
2283;
2303;
2300;
2279;
2308;
2291;
2300;
2301;
2286;
2315;
2285;
2300;
2309;
2282;
2314;
2287;
2301;
2306;
2276;
2312;
2292;
2292;
2305;
2283;
2311;
2294;
2292;
2316;
2273;
2315;
2293;
2288;
2310;
2278;
2311;
2291;
2287;
2314;
2278;
2311;
2299;
2289;
2311;
2287;
2308;
2294;
2273;
2315;
2281;
2298;
2305;
2278;
2306;
2283;
2301;
2304;
2278;
2322;
2282;
2293;
2308;
2278;
2313;
2282;
2297;
2304;
2271;
2318;
2284;
2292;
2307;
2277;
2315;
2284;
2289;
2320;
2277;
2313;
2293;
2285;
2306;
2277;
2316;
2285;
2287;
2315;
2271;
2308;
2303;
2284;
2310;
2276;
2312;
2295;
2280;
2319;
2275;
2302;
2306;
2279;
2321;
2292;
2302;
2299;
2276;
2326;
2281;
2297;
2310;
2275;
2319;
2286;
2294;
2310;
2277;
2313;
2287;
2293;
2295;
2281;
2329;
2287;
2289;
2313;
2275;
2314;
2294;
2290;
2305;
2284;
2318;
2284;
2293;
2307;
2279;
2321;
2287;
2287;
2314;
2274;
2306;
2297;
2287;
2310;
2277;
2315;
2292;
2283;
2322;
2269;
2313;
2306;
2279;
2309;
2283;
2313;
2291;
2286;
2318;
2274;
2305;
2303;
2279;
2312;
2291;
2305;
2293;
2279;
2324;
2279;
2297;
2304;
2284;
2313;
2278;
2300;
2309;
2275;
2310;
2290;
2293;
2308;
2281;
2314;
2281;
2298;
2315;
2275;
2309;
2303;
2280;
2302;
2287;
2310;
2288;
2287;
2321;
2276;
2311;
2299;
2281;
2322;
2284;
2302;
2301;
2277;
2322;
2282;
2299;
2307;
2277;
2317;
2277;
2300;
2311;
2274;
2319;
2290;
2289;
2304;
2279;
2315;
2283;
2295;
2314;
2271;
2313;
2292;
2290;
2311;
2279;
2314;
2287;
2292;
2316;
2270;
2315;
2295;
2287;
2315;
2272;
2312;
2291;
2290;
2319;
2273;
2313;
2293;
2284;
2319;
2276;
2307;
2301;
2276;
2324;
2282;
2301;
2303;
2285;
2315;
2277;
2306;
2307;
2275;
2322;
2283;
2296;
2314;
2272;
2322;
2280;
2302;
2305;
2270;
2318;
2284;
2291;
2316;
2277;
2318;
2289;
2290;
2316;
2276;
2313;
2288;
2287;
2308;
2274;
2316;
2295;
2284;
2315;
2276;
2310;
2298;
2283;
2317;
2279;
2311;
2305;
2284;
2324;
2279;
2300;
2306;
2281;
2310;
2281;
2303;
2303;
2277;
2321;
2278;
2309;
2307;
2275;
2315;
2283;
2302;
2305;
2276;
2320;
2285;
2295;
2314;
2274;
2318;
2292;
2289;
2313;
2275;
2316;
2291;
2292;
2312;
2281;
2315;
2292;
2287;
2321;
2275;
2306;
2295;
2292;
2319;
2273;
2305;
2300;
2280;
2316;
2278;
2306;
2303;
2279;
2315;
2282;
2304;
2301;
2275;
2323;
2286;
2301;
2302;
2279;
2322;
2287;
2295;
2306;
2278;
2314;
2286;
2295;
2305;
2277;
2315;
2283;
2295;
2314;
2275;
2315;
2298;
2289;
2303;
2273;
2324;
2295;
2286;
2314;
2270;
2313;
2290;
2290;
2315;
2278;
2312;
2295;
2283;
2309;
2277;
2310;
2294;
2284;
2316;
2280;
2308;
2298;
2278;
2316;
2281;
2306;
2308;
2285;
2307;
2279;
2308;
2303;
2283;
2318;
2288;
2299;
2310;
2278;
2314;
2282;
2303;
2301;
2283;
2320;
2285;
2295;
2312;
2274;
2313;
2296;
2293;
2305;
2276;
2315;
2295;
2291;
2308;
2278;
2307;
2289;
2286;
2314;
2281;
2306;
2296;
2288;
2306;
2283;
2310;
2295;
2287;
2313;
2270;
2310;
2303;
2284;
2306;
2280;
2306;
2297;
2278;
2320;
2282;
2301;
2302;
2286;
2309;
2282;
2305;
2303;
2275;
2317;
2284;
2298;
2307;
2284;
2310;
2283;
2304;
2308;
2279;
2308;
2292;
2291;
2304;
2281;
2316;
2290;
2288;
2315;
2279;
2311;
2289;
2289;
2316;
2278;
2306;
2286;
2297;
2307;
2273;
2317;
2304;
2285;
2312;
2281;
2307;
2299;
2285;
2307;
2282;
2312;
2295;
2287;
2317;
2279;
2306;
2301;
2274;
2319;
2287;
2300;
2306;
2284;
2317;
2276;
2305;
2306;
2280;
2316;
2283;
2302;
2304;
2273;
2312;
2293;
2292;
2300;
2287;
2310;
2282;
2302;
2310;
2277;
2313;
2292;
2289;
2311;
2281;
2304;
2287;
2291;
2313;
2271;
2315;
2296;
2286;
2313;
2274;
2306;
2302;
2282;
2314;
2277;
2310;
2302;
2282;
2313;
2276;
2312;
2296;
2282;
2315;
2291;
2298;
2302;
2286;
2311;
2284;
2301;
2300;
2284;
2308;
2283;
2301;
2306;
2276;
2318;
2291;
2290;
2306;
2280;
2313;
2282;
2295;
2311;
2276;
2313;
2291;
2289;
2311;
2279;
2306;
2286;
2297;
2314;
2278;
2315;
2298;
2287;
2308;
2281;
2308;
2304;
2292;
2310;
2279;
2314;
2299;
2286;
2316;
2282;
2311;
2295;
2279;
2316;
2282;
2305;
2299;
2280;
2314;
2279;
2308;
2305;
2283;
2314;
2285;
2301;
2305;
2284;
2314;
2282;
2305;
2306;
2278;
2316;
2288;
2299;
2311;
2281;
2310;
2290;
2299;
2307;
2280;
2306;
2290;
2293;
2308;
2277;
2317;
2287;
2293;
2317;
2271;
2311;
2296;
2289;
2307;
2280;
2311;
2293;
2287;
2318;
2276;
2305;
2296;
2285;
2315;
2280;
2307;
2302;
2288;
2309;
2287;
2306;
2298;
2279;
2320;
2284;
2298;
2310;
2280;
2314;
2287;
2294;
2301;
2280;
2317;
2277;
2297;
2310;
2275;
2312;
2280;
2301;
2309;
2283;
2305;
2289;
2301;
2311;
2275;
2315;
2295;
2298;
2308;
2278;
2318;
2294;
2290;
2314;
2283;
2303;
2288;
2289;
2316;
2277;
2308;
2299;
2290;
2312;
2275;
2309;
2298;
2286;
2312;
2276;
2310;
2298;
2279;
2321;
2281;
2299;
2303;
2280;
2314;
2286;
2299;
2299;
2284;
2311;
2282;
2297;
2306;
2279;
2317;
2282;
2299;
2304;
2284;
2307;
2292;
2302;
2303;
2274;
2312;
2286;
2294;
2310;
2277;
2312;
2290;
2295;
2308;
2283;
2307;
2284;
2291;
2312;
2275;
2310;
2290;
2293;
2307;
2277;
2311;
2299;
2282;
2317;
2289;
2306;
2294;
2289;
2312;
2281;
2311;
2300;
2285;
2311;
2274;
2310;
2298;
2277;
2313;
2289;
2303;
2295;
2283;
2320;
2283;
2301;
2299;
2285;
2314;
2273;
2303;
2306;
2274;
2317;
2292;
2295;
2300;
2278;
2318;
2283;
2297;
2309;
2283;
2311;
2282;
2293;
2309;
2271;
2315;
2287;
2294;
2307;
2276;
2320;
2290;
2294;
2307;
2273;
2317;
2289;
2291;
2313;
2277;
2313;
2297;
2289;
2305;
2279;
2315;
2288;
2291;
2310;
2277;
2315;
2292;
2284;
2318;
2279;
2307;
2301;
2287;
2310;
2276;
2307;
2298;
2281;
2311;
2271;
2308;
2298;
2280;
2315;
2282;
2304;
2299;
2277;
2315;
2287;
2299;
2308;
2282;
2318;
2276;
2299;
2308;
2273;
2311;
2284;
2303;
2299;
2279;
2322;
2283;
2292;
2311;
2277;
2318;
2293;
2298;
2301;
2276;
2322;
2284;
2288;
2314;
2278;
2315;
2291;
2290;
2313;
2275;
2317;
2293;
2293;
2308;
2273;
2314;
2293;
2284;
2312;
2278;
2309;
2295;
2280;
2319;
2283;
2306;
2298;
2282;
2313;
2275;
2317;
2305;
2279;
2316;
2274;
2305;
2303;
2283;
2314;
2279;
2308;
2305;
2274;
2322;
2275;
2301;
2297;
2282;
2319;
2278;
2299;
2307;
2274;
2322;
2288;
2294;
2307;
2276;
2318;
2286;
2298;
2311;
2273;
2319;
2283;
2294;
2308;
2278;
2314;
2288;
2295;
2305;
2274;
2311;
2287;
2286;
2316;
2278;
2316;
2292;
2286;
2313;
2278;
2307;
2289;
2291;
2315;
2273;
2314;
2295;
2283;
2305;
2279;
2303;
2295;
2294;
2309;
2281;
2308;
2294;
2282;
2310;
2280;
2306;
2298;
2277;
2322;
2280;
2303;
2304;
2277;
2311;
2288;
2303;
2299;
2279;
2311;
2284;
2308;
2307;
2282;
2316;
2281;
2298;
2308;
2277;
2314;
2284;
2295;
2307;
2284;
2318;
2282;
2304;
2303;
2278;
2318;
2286;
2291;
2303;
2287;
2313;
2284;
2298;
2313;
2268;
2318;
2281;
2295;
2308;
2273;
2325;
2278;
2292;
2313;
2279;
2319;
2284;
2301;
2308;
2275;
2323;
2276;
2290;
2319;
2268;
2317;
2291;
2292;
2309;
2277;
2320;
2280;
2291;
2323;
2268;
2316;
2288;
2283;
2316;
2271;
2315;
2294;
2280;
2318;
2272;
2309;
2301;
2283;
2325;
2271;
2317;
2299;
2274;
2323;
2275;
2303;
2306;
2281;
2314;
2280;
2306;
2297;
2278;
2323;
2272;
2306;
2307;
2276;
2324;
2280;
2304;
2312;
2279;
2320;
2279;
2300;
2306;
2276;
2321;
2279;
2294;
2307;
2272;
2320;
2279;
2291;
2315;
2279;
2318;
2290;
2291;
2310;
2271;
2316;
2288;
2286;
2316;
2278;
2312;
2295;
2288;
2313;
2272;
2313;
2296;
2284;
2318;
2274;
2316;
2289;
2290;
2319;
2272;
2309;
2298;
2276;
2316;
2277;
2310;
2297;
2284;
2317;
2279;
2280;
2309;
2290;
2284;
2319;
2282;
2308;
2298;
2282;
2316;
2279;
2305;
2291;
2285;
2320;
2278;
2307;
2302;
2284;
2321;
2278;
2311;
2301;
2281;
2316;
2288;
2309;
2301;
2281;
2319;
2277;
2299;
2311;
2279;
2318;
2288;
2301;
2302;
2286;
2315;
2282;
2293;
2312;
2279;
2314;
2288;
2293;
2310;
2281;
2311;
2287;
2291;
2315;
2278;
2312;
2293;
2294;
2318;
2273;
2309;
2292;
2290;
2314;
2277;
2308;
2293;
2282;
2318;
2283;
2310;
2299;
2283;
2316;
2279;
2301;
2297;
2288;
2318;
2279;
2307;
2298;
2281;
2315;
2279;
2304;
2305;
2279;
2310;
2288;
2299;
2297;
2283;
2322;
2277;
2297;
2303;
2285;
2313;
2283;
2294;
2311;
2280;
2309;
2284;
2297;
2310;
2277;
2315;
2289;
2289;
2315;
2279;
2311;
2291;
2288;
2307;
2282;
2310;
2288;
2293;
2314;
2276;
2310;
2299;
2283;
2316;
2274;
2305;
2301;
2283;
2315;
2279;
2311;
2303;
2275;
2313;
2283;
2299;
2296;
2281;
2311;
2289;
2299;
2302;
2282;
2310;
2281;
2299;
2308;
2283;
2311;
2282;
2293;
2307;
2284;
2311;
2281;
2302;
2311;
2273;
2319;
2283;
2287;
2309;
2283;
2312;
2292;
2292;
2303;
2280;
2315;
2288;
2289;
2312;
2277;
2308;
2294;
2285;
2311;
2280;
2307;
2303;
2287;
2312;
2275;
2308;
2295;
2284;
2319;
2281;
2305;
2297;
2286;
2311;
2278;
2298;
2303;
2291;
2315;
2279;
2302;
2306;
2281;
2319;
2282;
2295;
2316;
2274;
2313;
2294;
2300;
2300;
2273;
2311;
2284;
2293;
2313;
2280;
2317;
2284;
2287;
2313;
2274;
2317;
2287;
2291;
2309;
2276;
2312;
2290;
2291;
2315;
2269;
2313;
2299;
2287;
2314;
2283;
2306;
2294;
2290;
2316;
2277;
2300;
2293;
2285;
2314;
2286;
2305;
2301;
2283;
2319;
2276;
2307;
2306;
2282;
2315;
2284;
2301;
2308;
2285;
2317;
2285;
2298;
2305;
2282;
2321;
2277;
2294;
2308;
2277;
2314;
2295;
2289;
2307;
2279;
2311;
2290;
2299;
2313;
2275;
2315;
2293;
2287;
2314;
2275;
2314;
2288;
2286;
2305;
2281;
2314;
2289;
2287;
2315;
2274;
2306;
2300;
2293;
2310;
2282;
2311;
2295;
2278;
2318;
2279;
2310;
2298;
2283;
2312;
2279;
2303;
2296;
2282;
2321;
2282;
2298;
2301;
2287;
2314;
2277;
2301;
2302;
2276;
2318;
2287;
2295;
2313;
2277;
2314;
2282;
2290;
2308;
2284;
2315;
2279;
2295;
2301;
2283;
2317;
2288;
2294;
2309;
2269;
2311;
2291;
2296;
2311;
2279;
2318;
2287;
2291;
2318;
2278;
2311;
2292;
2295;
2313;
2280;
2311;
2291;
2288;
2311;
2283;
2313;
2289;
2283;
2310;
2284;
2312;
2295;
2285;
2318;
2277;
2301;
2296;
2294;
2319;
2276;
2305;
2303;
2281;
2318;
2275;
2305;
2302;
2291;
2323;
2275;
2305;
2307;
2271;
2319;
2281;
2300;
2301;
2286;
2324;
2277;
2297;
2311;
2277;
2315;
2282;
2303;
2314;
2276;
2316;
2287;
2297;
2315;
2273;
2314;
2288;
2295;
2313;
2270;
2317;
2284;
2296;
2319;
2277;
2311;
2295;
2294;
2314;
2267;
2316;
2289;
2289;
2318;
2274;
2311;
2297;
2283;
2311;
2277;
2303;
2298;
2285;
2322;
2275;
2309;
2298;
2282;
2315;
2280;
2307;
2301;
2279;
2318;
2279;
2300;
2307;
2283;
2321;
2286;
2303;
2308;
2286;
2323;
2277;
2299;
2306;
2271;
2316;
2280;
2300;
2306;
2279;
2319;
2287;
2295;
2310;
2279;
2316;
2285;
2294;
2311;
2282;
2321;
2286;
2295;
2313;
2271;
2309;
2291;
2287;
2310;
2280;
2313;
2284;
2295;
2313;
2276;
2315;
2294;
2288;
2321;
2277;
2307;
2295;
2287;
2311;
2276;
2306;
2291;
2283;
2322;
2270;
2313;
2299;
2288;
2319;
2273;
2303;
2305;
2284;
2311;
2288;
2306;
2296;
2285;
2319;
2275;
2303;
2310;
2285;
2311;
2292;
2302;
2301;
2286;
2320;
2284;
2299;
2307;
2279;
2319;
2283;
2296;
2306;
2277;
2312;
2287;
2294;
2306;
2292;
2315;
2285;
2297;
2315;
2271;
2321;
2292;
2288;
2312;
2282;
2307;
2290;
2294;
2306;
2275;
2318;
2279;
2293;
2311;
2283;
2314;
2283;
2295;
2319;
2273;
2311;
2292;
2290;
2312;
2279;
2319;
2279;
2293;
2318;
2263;
2319;
2289;
2284;
2313;
2271;
2314;
2289;
2283;
2318;
2270;
2315;
2293;
2289;
2312;
2272;
2316;
2293;
2281;
2317;
2274;
2304;
2302;
2279;
2313;
2274;
2309;
2304;
2274;
2327;
2275;
2305;
2301;
2279;
2319;
2272;
2307;
2304;
2278;
2317;
2277;
2297;
2307;
2279;
2319;
2276;
2303;
2309;
2270;
2321;
2290;
2294;
2306;
2280;
2318;
2277;
2303;
2310;
2272;
2314;
2282;
2292;
2313;
2268;
2320;
2287;
2294;
2317;
2272;
2316;
2285;
2291;
2315;
2267;
2318;
2287;
2286;
2322;
2274;
2311;
2294;
2287;
2314;
2270;
2312;
2293;
2284;
2318;
2270;
2308;
2298;
2290;
2317;
2273;
2309;
2301;
2279;
2317;
2277;
2303;
2298;
2279;
2319;
2269;
2305;
2307;
2275;
2319;
2279;
2302;
2303;
2277;
2319;
2277;
2305;
2307;
2278;
2319;
2278;
2303;
2311;
2269;
2318;
2283;
2295;
2311;
2268;
2316;
2285;
2295;
2311;
2277;
2313;
2285;
2293;
2307;
2274;
2314;
2291;
2288;
2314;
2276;
2311;
2295;
2291;
2311;
2277;
2316;
2292;
2291;
2310;
2278;
2310;
2291;
2286;
2312;
2281;
2308;
2295;
2286;
2310;
2276;
2302;
2298;
2283;
2313;
2281;
2303;
2298;
2281;
2310;
2290;
2297;
2294;
2285;
2310;
2284;
2300;
2306;
2283;
2312;
2287;
2298;
2302;
2281;
2314;
2286;
2301;
2306;
2280;
2309;
2282;
2303;
2307;
2281;
2310;
2283;
2292;
2303;
2287;
2306;
2284;
2299;
2303;
2275;
2315;
2291;
2295;
2308;
2287;
2304;
2295;
2298;
2302;
2283;
2311;
2292;
2292;
2308;
2276;
2305;
2295;
2293;
2301;
2287;
2303;
2292;
2297;
2305;
2278;
2306;
2299;
2278;
2314;
2291;
2290;
2303;
2292;
2309;
2282;
2301;
2302;
2282;
2315;
2287;
2290;
2306;
2286;
2306;
2287;
2301;
2303;
2275;
2305;
2295;
2292;
2310;
2282;
2303;
2287;
2297;
2300;
2281;
2307;
2295;
2288;
2307;
2287;
2305;
2298;
2294;
2307;
2281;
2305;
2297;
2288;
2309;
2284;
2303;
2295;
2287;
2304;
2291;
2300;
2297;
2287;
2305;
2286;
2297;
2301;
2291;
2305;
2294;
2297;
2301;
2290;
2299;
2295;
2295;
2297;
2293;
2298;
2300;
2303;
2296;
2294;
2300;
2292;
2300;
2292;
2302;
2295;
2302;
2297;
2297;
2297;
2299;
2303;
2300;
2299;
2299;
2297;
2296;
2292;
2297;
2294;
2298;
2295;
2295;
2298;
2297;
2302;
2295;
2298;
2295;
2294;
2295;
2298;
2295;
2295;
2296;
2295;
2298;
2295;
2295;
2297;
2297;
2300;
2296;
2295;
2298;
2297;
2295;
2293;
2299;
2295;
2297;
2294;
2300;
2295;
2297;
2293;
2289;
2298;
2300;
2295;
2297;
2293;
2300;
2292;
2300;
2291;
2291;
2303;
2292;
2302;
2294;
2292;
2297;
2297;
2294;
2305;
2296;
2307;
2284;
2299;
2297;
2284;
2309;
2294;
2289;
2299;
2290;
2306;
2286;
2307;
2299;
2287;
2305;
2291;
2294;
2300;
2290;
2308;
2290;
2289;
2309;
2285;
2307;
2291;
2293;
2307;
2279;
2311;
2292;
2291;
2307;
2287;
2303;
2295;
2293;
2305;
2290;
2303;
2301;
2292;
2313;
2286;
2300;
2296;
2291;
2309;
2285;
2301;
2303;
2280;
2313;
2287;
2301;
2296;
2288;
2315;
2281;
2301;
2305;
2291;
2310;
2287;
2299;
2304;
2282;
2311;
2298;
2291;
2307;
2286;
2308;
2291;
2292;
2310;
2286;
2294;
2298;
2296;
2302;
2287;
2308;
2291;
2291;
2312;
2278;
2307;
2297;
2289;
2312;
2290;
2298;
2296;
2285;
2305;
2288;
2300;
2292;
2291;
2310;
2282;
2299;
2297;
2279;
2311;
2297;
2297;
2299;
2295;
2307;
2290;
2295;
2303;
2279;
2310;
2289;
2295;
2313;
2289;
2307;
2295;
2293;
2303;
2289;
2303;
2289;
2291;
2305;
2283;
2303;
2297;
2290;
2314;
2283;
2299;
2298;
2285;
2309;
2286;
2303;
2297;
2287;
2314;
2286;
2304;
2297;
2284;
2316;
2288;
2299;
2292;
2287;
2309;
2288;
2299;
2302;
2284;
2313;
2289;
2290;
2302;
2287;
2313;
2291;
2290;
2306;
2278;
2312;
2293;
2287;
2310;
2277;
2312;
2295;
2292;
2315;
2275;
2307;
2292;
2287;
2315;
2288;
2312;
2293;
2289;
2308;
2279;
2310;
2295;
2283;
2316;
2278;
2306;
2299;
2281;
2314;
2283;
2299;
2307;
2275;
2318;
2288;
2301;
2307;
2275;
2314;
2289;
2293;
2312;
2277;
2312;
2292;
2299;
2306;
2270;
2310;
2288;
2289;
2312;
2274;
2319;
2292;
2282;
2309;
2276;
2308;
2297;
2284;
2308;
2285;
2313;
2298;
2280;
2321;
2276;
2298;
2293;
2282;
2316;
2284;
2308;
2300;
2284;
2318;
2275;
2299;
2307;
2275;
2316;
2287;
2294;
2303;
2275;
2314;
2284;
2301;
2303;
2278;
2318;
2287;
2292;
2312;
2280;
2320;
2278;
2294;
2309;
2279;
2306;
2288;
2297;
2308;
2277;
2308;
2287;
2295;
2303;
2271;
2312;
2286;
2286;
2313;
2281;
2306;
2292;
2291;
2313;
2276;
2308;
2297;
2285;
2314;
2277;
2311;
2294;
2285;
2317;
2277;
2306;
2295;
2286;
2309;
2275;
2305;
2298;
2284;
2314;
2279;
2301;
2297;
2283;
2311;
2276;
2302;
2299;
2277;
2319;
2282;
2306;
2303;
2276;
2318;
2279;
2299;
2303;
2278;
2323;
2283;
2300;
2310;
2274;
2317;
2283;
2300;
2311;
2280;
2316;
2285;
2296;
2305;
2280;
2319;
2293;
2288;
2313;
2279;
2313;
2289;
2295;
2313;
2278;
2313;
2291;
2286;
2316;
2274;
2314;
2291;
2286;
2320;
2271;
2318;
2290;
2289;
2317;
2278;
2311;
2292;
2281;
2320;
2280;
2310;
2298;
2276;
2317;
2282;
2309;
2299;
2279;
2321;
2279;
2302;
2306;
2277;
2318;
2281;
2303;
2303;
2274;
2321;
2281;
2300;
2310;
2269;
2321;
2276;
2297;
2308;
2270;
2318;
2285;
2297;
2306;
2271;
2319;
2286;
2294;
2310;
2277;
2315;
2294;
2286;
2311;
2285;
2309;
2290;
2291;
2313;
2272;
2314;
2292;
2287;
2319;
2272;
2303;
2298;
2285;
2319;
2267;
2315;
2292;
2285;
2315;
2279;
2310;
2297;
2282;
2327;
2279;
2299;
2309;
2284;
2311;
2284;
2311;
2302;
2282;
2322;
2283;
2303;
2312;
2281;
2314;
2283;
2300;
2307;
2279;
2325;
2278;
2296;
2305;
2281;
2318;
2279;
2299;
2313;
2277;
2316;
2289;
2290;
2307;
2279;
2315;
2279;
2299;
2311;
2270;
2320;
2291;
2296;
2310;
2280;
2310;
2293;
2293;
2311;
2282;
2311;
2290;
2298;
2312;
2273;
2316;
2282;
2293;
2317;
2278;
2305;
2298;
2291;
2307;
2275;
2322;
2290;
2290;
2325;
2267;
2319;
2291;
2294;
2318;
2266;
2320;
2289;
2288;
2321;
2271;
2316;
2291;
2292;
2319;
2262;
2319;
2299;
2277;
2318;
2275;
2310;
2306;
2281;
2317;
2271;
2309;
2305;
2278;
2321;
2275;
2306;
2304;
2282;
2325;
2276;
2303;
2306;
2272;
2323;
2277;
2299;
2311;
2278;
2323;
2279;
2304;
2313;
2279;
2312;
2283;
2297;
2310;
2278;
2319;
2283;
2293;
2314;
2272;
2319;
2279;
2290;
2315;
2278;
2318;
2291;
2291;
2310;
2274;
2317;
2290;
2289;
2323;
2264;
2317;
2293;
2284;
2318;
2276;
2318;
2294;
2286;
2316;
2274;
2313;
2293;
2283;
2322;
2269;
2311;
2298;
2286;
2315;
2279;
2311;
2302;
2282;
2320;
2275;
2302;
2305;
2286;
2324;
2276;
2300;
2309;
2277;
2323;
2279;
2299;
2314;
2279;
2318;
2273;
2297;
2309;
2274;
2315;
2284;
2295;
2301;
2277;
2317;
2287;
2293;
2313;
2268;
2319;
2291;
2295;
2313;
2276;
2315;
2290;
2289;
2312;
2277;
2315;
2291;
2295;
2317;
2276;
2311;
2292;
2290;
2316;
2275;
2305;
2299;
2289;
2313;
2276;
2307;
2294;
2283;
2312;
2278;
2306;
2294;
2287;
2310;
2279;
2307;
2297;
2279;
2314;
2283;
2301;
2303;
2290;
2316;
2283;
2302;
2303;
2281;
2316;
2279;
2295;
2304;
2282;
2310;
2287;
2293;
2306;
2279;
2313;
2283;
2299;
2306;
2289;
2313;
2287;
2296;
2303;
2275;
2310;
2293;
2295;
2305;
2282;
2316;
2283;
2298;
2304;
2280;
2310;
2292;
2285;
2314;
2289;
2309;
2291;
2295;
2302;
2279;
2311;
2287;
2290;
2310;
2279;
2306;
2298;
2290;
2314;
2286;
2311;
2290;
2288;
2305;
2277;
2309;
2295;
2286;
2309;
2286;
2297;
2302;
2293;
2306;
2284;
2305;
2301;
2281;
2314;
2289;
2291;
2311;
2286;
2309;
2294;
2294;
2307;
2280;
2308;
2293;
2293;
2312;
2284;
2302;
2295;
2298;
2302;
2279;
2308;
2300;
2291;
2310;
2280;
2304;
2301;
2289;
2313;
2280;
2301;
2299;
2294;
2310;
2286;
2300;
2293;
2291;
2312;
2281;
2301;
2307;
2282;
2303;
2291;
2303;
2301;
2288;
2306;
2287;
2297;
2303;
2288;
2303;
2302;
2295;
2303;
2288;
2302;
2295;
2296;
2303;
2293;
2299;
2298;
2296;
2300;
2293;
2298;
2297;
2292;
2295;
2297;
2292;
2297;
2299;
2294;
2297;
2302;
2298;
2294;
2298;
2297;
2297;
2298;
2298;
2296;
2296;
2299;
2298;
2297;
2298;
2298;
2292;
2293;
2297;
2298;
2294;
2293;
2295;
2296;
2300;
2293;
2298;
2295;
2295;
2298;
2299;
2299;
2297;
2292;
2292;
2300;
2299;
2300;
2299;
2293;
2295;
2298;
2295;
2295;
2293;
2303;
2298;
2295;
2299;
2297;
2295;
2295;
2290;
2298;
2298;
2298;
2296;
2294;
2304;
2293;
2301;
2304;
2291;
2307;
2290;
2294;
2300;
2291;
2303;
2288;
2300;
2299;
2289;
2302;
2287;
2299;
2305;
2291;
2302;
2294;
2293;
2301;
2287;
2304;
2293;
2290;
2302;
2292;
2305;
2295;
2295;
2306;
2287;
2302;
2290;
2291;
2308;
2282;
2303;
2290;
2291;
2307;
2282;
2303;
2297;
2288;
2307;
2290;
2302;
2292;
2289;
2312;
2286;
2293;
2302;
2285;
2309;
2290;
2294;
2297;
2286;
2308;
2286;
2298;
2302;
2285;
2312;
2289;
2293;
2305;
2280;
2313;
2291;
2296;
2305;
2286;
2307;
2292;
2291;
2313;
2279;
2310;
2291;
2287;
2315;
2285;
2301;
2295;
2287;
2311;
2284;
2309;
2303;
2279;
2310;
2288;
2303;
2295;
2290;
2304;
2283;
2306;
2297;
2283;
2306;
2285;
2300;
2303;
2284;
2309;
2280;
2294;
2304;
2290;
2301;
2290;
2300;
2299;
2279;
2306;
2293;
2283;
2313;
2281;
2299;
2293;
2295;
2305;
2286;
2316;
2291;
2284;
2313;
2281;
2306;
2299;
2289;
2311;
2284;
2303;
2298;
2289;
2309;
2280;
2303;
2297;
2285;
2318;
2279;
2303;
2302;
2292;
2308;
2287;
2300;
2294;
2287;
2307;
2284;
2294;
2304;
2285;
2306;
2289;
2297;
2301;
2284;
2311;
2294;
2288;
2301;
2279;
2311;
2285;
2289;
2311;
2279;
2311;
2297;
2284;
2308;
2288;
2303;
2290;
2295;
2311;
2278;
2310;
2301;
2282;
2313;
2280;
2307;
2293;
2287;
2315;
2280;
2297;
2303;
2286;
2317;
2286;
2297;
2300;
2283;
2321;
2285;
2291;
2306;
2283;
2313;
2287;
2294;
2305;
2279;
2316;
2287;
2290;
2313;
2276;
2313;
2290;
2288;
2313;
2272;
2313;
2295;
2282;
2314;
2276;
2309;
2294;
2283;
2318;
2271;
2308;
2294;
2284;
2315;
2278;
2307;
2295;
2278;
2319;
2282;
2303;
2304;
2280;
2311;
2275;
2310;
2308;
2278;
2316;
2287;
2290;
2303;
2277;
2322;
2288;
2294;
2310;
2270;
2324;
2291;
2290;
2313;
2274;
2325;
2283;
2287;
2317;
2273;
2314;
2292;
2288;
2308;
2278;
2316;
2291;
2283;
2310;
2274;
2311;
2299;
2281;
2311;
2287;
2307;
2303;
2279;
2319;
2279;
2298;
2298;
2292;
2325;
2279;
2303;
2302;
2279;
2316;
2283;
2300;
2303;
2285;
2315;
2272;
2314;
2304;
2277;
2314;
2285;
2308;
2303;
2278;
2320;
2281;
2301;
2309;
2277;
2314;
2290;
2287;
2300;
2284;
2311;
2291;
2294;
2312;
2276;
2321;
2286;
2280;
2321;
2276;
2312;
2293;
2293;
2311;
2274;
2313;
2288;
2287;
2315;
2272;
2307;
2301;
2285;
2313;
2279;
2309;
2292;
2296;
2323;
2279;
2303;
2306;
2275;
2322;
2291;
2298;
2303;
2285;
2322;
2287;
2301;
2308;
2271;
2319;
2294;
2295;
2312;
2275;
2308;
2292;
2292;
2311;
2273;
2310;
2292;
2290;
2310;
2275;
2312;
2291;
2286;
2313;
2276;
2302;
2295;
2288;
2319;
2274;
2317;
2304;
2279;
2319;
2280;
2299;
2298;
2279;
2327;
2270;
2302;
2306;
2278;
2321;
2283;
2299;
2302;
2275;
2319;
2279;
2291;
2319;
2271;
2319;
2286;
2298;
2310;
2274;
2317;
2288;
2290;
2313;
2277;
2315;
2289;
2292;
2311;
2268;
2323;
2287;
2285;
2318;
2274;
2313;
2299;
2285;
2315;
2272;
2307;
2296;
2281;
2321;
2277;
2312;
2302;
2279;
2318;
2282;
2297;
2303;
2279;
2318;
2276;
2305;
2308;
2273;
2320;
2285;
2297;
2313;
2276;
2318;
2286;
2294;
2312;
2273;
2320;
2290;
2295;
2311;
2275;
2317;
2290;
2291;
2310;
2276;
2314;
2294;
2289;
2314;
2279;
2314;
2295;
2281;
2317;
2277;
2315;
2301;
2282;
2314;
2275;
2306;
2306;
2279;
2315;
2286;
2306;
2303;
2282;
2314;
2280;
2305;
2304;
2281;
2318;
2282;
2307;
2303;
2275;
2313;
2288;
2293;
2308;
2280;
2311;
2282;
2298;
2315;
2273;
2312;
2288;
2295;
2313;
2277;
2313;
2295;
2287;
2313;
2275;
2315;
2291;
2286;
2315;
2274;
2316;
2293;
2288;
2319;
2279;
2306;
2298;
2279;
2318;
2279;
2310;
2295;
2282;
2317;
2271;
2307;
2303;
2283;
2307;
2279;
2306;
2306;
2282;
2318;
2283;
2300;
2309;
2280;
2311;
2292;
2298;
2299;
2283;
2321;
2285;
2294;
2311;
2276;
2313;
2287;
2285;
2321;
2276;
2303;
2290;
2296;
2314;
2271;
2320;
2295;
2286;
2316;
2278;
2309;
2301;
2289;
2309;
2281;
2310;
2298;
2280;
2316;
2280;
2307;
2301;
2280;
2316;
2283;
2303;
2301;
2282;
2317;
2279;
2305;
2313;
2277;
2309;
2285;
2297;
2307;
2276;
2306;
2294;
2300;
2300;
2275;
2325;
2284;
2295;
2310;
2279;
2314;
2293;
2293;
2308;
2280;
2314;
2291;
2293;
2314;
2277;
2310;
2293;
2289;
2311;
2277;
2308;
2303;
2283;
2308;
2285;
2302;
2288;
2290;
2317;
2273;
2306;
2301;
2276;
2313;
2289;
2301;
2298;
2283;
2314;
2278;
2305;
2298;
2275;
2316;
2290;
2296;
2303;
2284;
2316;
2281;
2300;
2309;
2275;
2315;
2286;
2297;
2307;
2277;
2311;
2289;
2292;
2309;
2276;
2305;
2293;
2295;
2308;
2272;
2315;
2290;
2292;
2318;
2275;
2297;
2301;
2290;
2310;
2282;
2317;
2291;
2290;
2312;
2276;
2304;
2297;
2286;
2310;
2278;
2302;
2307;
2282;
2300;
2281;
2312;
2299;
2282;
2316;
2281;
2303;
2303;
2281;
2310;
2286;
2303;
2302;
2280;
2315;
2284;
2297;
2306;
2277;
2314;
2287;
2297;
2313;
2281;
2306;
2287;
2299;
2301;
2280;
2308;
2289;
2293;
2315;
2274;
2305;
2296;
2295;
2305;
2278;
2316;
2286;
2293;
2314;
2268;
2311;
2301;
2284;
2303;
2277;
2309;
2292;
2282;
2319;
2287;
2303;
2295;
2283;
2314;
2278;
2302;
2304;
2278;
2316;
2283;
2300;
2301;
2283;
2313;
2280;
2299;
2305;
2277;
2310;
2290;
2295;
2305;
2277;
2316;
2282;
2298;
2300;
2277;
2316;
2295;
2291;
2305;
2276;
2311;
2298;
2288;
2298;
2278;
2316;
2288;
2293;
2315;
2277;
2305;
2292;
2286;
2313;
2278;
2303;
2292;
2292;
2313;
2276;
2313;
2301;
2281;
2311;
2278;
2309;
2298;
2282;
2316;
2283;
2302;
2299;
2286;
2307;
2281;
2301;
2305;
2279;
2318;
2284;
2299;
2309;
2285;
2315;
2285;
2304;
2302;
2274;
2324;
2287;
2296;
2308;
2278;
2308;
2291;
2294;
2307;
2277;
2310;
2285;
2293;
2317;
2279;
2315;
2293;
2295;
2314;
2277;
2307;
2301;
2282;
2308;
2283;
2311;
2295;
2290;
2313;
2282;
2311;
2300;
2274;
2314;
2288;
2302;
2295;
2290;
2317;
2282;
2307;
2305;
2273;
2318;
2284;
2298;
2311;
2277;
2315;
2287;
2299;
2306;
2281;
2320;
2280;
2306;
2311;
2274;
2316;
2292;
2294;
2304;
2279;
2313;
2287;
2297;
2314;
2276;
2319;
2295;
2290;
2303;
2279;
2313;
2296;
2293;
2307;
2281;
2316;
2290;
2293;
2311;
2276;
2309;
2298;
2276;
2312;
2283;
2296;
2294;
2285;
2324;
2280;
2299;
2303;
2284;
2309;
2279;
2308;
2304;
2282;
2324;
2284;
2297;
2303;
2283;
2309;
2282;
2310;
2303;
2278;
2312;
2281;
2296;
2309;
2280;
2314;
2288;
2302;
2305;
2279;
2313;
2286;
2297;
2311;
2279;
2310;
2285;
2293;
2311;
2276;
2306;
2298;
2290;
2302;
2281;
2314;
2282;
2286;
2312;
2282;
2308;
2292;
2297;
2311;
2271;
2316;
2299;
2285;
2311;
2275;
2312;
2295;
2286;
2307;
2272;
2308;
2297;
2279;
2318;
2281;
2311;
2295;
2285;
2309;
2271;
2307;
2304;
2281;
2315;
2276;
2309;
2303;
2286;
2314;
2280;
2306;
2307;
2283;
2310;
2280;
2307;
2311;
2276;
2318;
2286;
2293;
2313;
2277;
2315;
2285;
2297;
2307;
2278;
2318;
2285;
2289;
2311;
2275;
2314;
2283;
2297;
2311;
2271;
2315;
2285;
2287;
2312;
2276;
2307;
2292;
2289;
2312;
2276;
2303;
2298;
2287;
2315;
2275;
2313;
2295;
2283;
2313;
2279;
2311;
2300;
2284;
2311;
2274;
2308;
2300;
2279;
2314;
2278;
2307;
2298;
2286;
2316;
2276;
2308;
2305;
2274;
2321;
2276;
2306;
2299;
2278;
2318;
2279;
2300;
2304;
2273;
2314;
2286;
2300;
2306;
2275;
2324;
2291;
2297;
2310;
2278;
2313;
2290;
2299;
2310;
2274;
2314;
2290;
2293;
2314;
2274;
2317;
2290;
2289;
2318;
2268;
2312;
2296;
2290;
2315;
2278;
2313;
2292;
2285;
2316;
2271;
2315;
2304;
2278;
2316;
2276;
2316;
2297;
2284;
2319;
2269;
2311;
2304;
2276;
2314;
2282;
2306;
2302;
2281;
2313;
2277;
2301;
2301;
2281;
2317;
2279;
2301;
2305;
2278;
2317;
2282;
2301;
2315;
2279;
2309;
2291;
2301;
2300;
2277;
2320;
2281;
2309;
2310;
2274;
2314;
2288;
2295;
2307;
2281;
2324;
2288;
2302;
2307;
2276;
2311;
2285;
2295;
2311;
2277;
2315;
2289;
2291;
2311;
2278;
2314;
2285;
2296;
2306;
2278;
2309;
2290;
2291;
2315;
2282;
2306;
2290;
2282;
2312;
2275;
2321;
2289;
2290;
2314;
2275;
2314;
2285;
2290;
2322;
2275;
2320;
2287;
2284;
2314;
2273;
2315;
2293;
2282;
2321;
2274;
2314;
2290;
2281;
2324;
2273;
2309;
2295;
2282;
2321;
2274;
2311;
2301;
2280;
2319;
2285;
2300;
2302;
2277;
2325;
2278;
2305;
2303;
2281;
2322;
2270;
2302;
2312;
2269;
2326;
2277;
2295;
2311;
2278;
2322;
2278;
2296;
2311;
2273;
2320;
2281;
2292;
2310;
2275;
2322;
2282;
2288;
2311;
2271;
2316;
2289;
2287;
2318;
2277;
2317;
2282;
2291;
2324;
2266;
2322;
2289;
2286;
2320;
2268;
2316;
2292;
2283;
2321;
2270;
2311;
2294;
2280;
2324;
2273;
2314;
2297;
2281;
2322;
2274;
2307;
2303;
2273;
2321;
2279;
2306;
2295;
2279;
2323;
2276;
2305;
2303;
2281;
2319;
2282;
2302;
2303;
2277;
2320;
2282;
2298;
2309;
2275;
2313;
2281;
2299;
2310;
2273;
2317;
2285;
2299;
2312;
2274;
2315;
2287;
2291;
2313;
2268;
2309;
2282;
2292;
2315;
2278;
2315;
2286;
2292;
2314;
2278;
2310;
2293;
2290;
2315;
2277;
2305;
2294;
2291;
2313;
2276;
2306;
2294;
2286;
2314;
2279;
2304;
2295;
2287;
2315;
2272;
2303;
2294;
2283;
2316;
2277;
2306;
2301;
2284;
2322;
2275;
2302;
2302;
2284;
2321;
2276;
2301;
2301;
2281;
2317;
2281;
2300;
2305;
2283;
2311;
2284;
2302;
2303;
2282;
2315;
2285;
2291;
2308;
2278;
2321;
2289;
2290;
2314;
2278;
2308;
2286;
2300;
2311;
2276;
2315;
2284;
2288;
2315;
2281;
2311;
2286;
2295;
2309;
2286;
2311;
2292;
2290;
2315;
2279;
2310;
2298;
2289;
2306;
2285;
2309;
2292;
2295;
2312;
2279;
2311;
2295;
2292;
2311;
2289;
2297;
2299;
2292;
2299;
2289;
2295;
2303;
2279;
2319;
2285;
2292;
2311;
2287;
2306;
2287;
2295;
2305;
2278;
2307;
2294;
2293;
2309;
2284;
2304;
2290;
2292;
2306;
2282;
2309;
2295;
2290;
2308;
2289;
2300;
2296;
2293;
2307;
2285;
2307;
2296;
2286;
2306;
2287;
2303;
2300;
2288;
2308;
2288;
2299;
2302;
2287;
2308;
2290;
2300;
2294;
2291;
2313;
2289;
2296;
2307;
2284;
2303;
2290;
2303;
2302;
2290;
2305;
2298;
2293;
2299;
2295;
2299;
2300;
2291;
2297;
2299;
2296;
2304;
2297;
2294;
2296;
2299;
2301;
2297;
2296;
2296;
2295;
2297;
2293;
2293;
2295;
2297;
2297;
2296;
2295;
2300;
2295;
2295;
2295;
2291;
2299;
2299;
2291;
2294;
2296;
2299;
2295;
2298;
2295;
2303;
2293;
2295;
2299;
2293;
2298;
2297;
2293;
2296;
2299;
2294;
2297;
2295;
2298;
2294;
2298;
2294;
2302;
2299;
2299;
2299;
2298;
2295;
2298;
2305;
2295;
2294;
2303;
2295;
2301;
2291;
2301;
2297;
2295;
2301;
2285;
2301;
2301;
2289;
2305;
2296;
2296;
2301;
2293;
2302;
2288;
2297;
2300;
2289;
2300;
2294;
2296;
2302;
2289;
2308;
2294;
2300;
2303;
2286;
2301;
2295;
2291;
2300;
2286;
2304;
2295;
2292;
2305;
2287;
2303;
2300;
2295;
2309;
2283;
2306;
2293;
2295;
2309;
2279;
2305;
2295;
2291;
2310;
2283;
2302;
2296;
2288;
2308;
2286;
2298;
2305;
2290;
2309;
2283;
2305;
2308;
2283;
2310;
2290;
2300;
2306;
2282;
2311;
2291;
2300;
2299;
2281;
2307;
2287;
2300;
2312;
2282;
2303;
2285;
2293;
2307;
2283;
2309;
2295;
2293;
2313;
2282;
2306;
2294;
2291;
2311;
2281;
2305;
2301;
2286;
2308;
2281;
2303;
2303;
2287;
2313;
2283;
2302;
2298;
2288;
2303;
2286;
2300;
2299;
2282;
2311;
2286;
2297;
2311;
2282;
2302;
2289;
2305;
2299;
2286;
2315;
2280;
2298;
2310;
2279;
2313;
2287;
2295;
2310;
2282;
2312;
2292;
2291;
2309;
2286;
2309;
2287;
2295;
2310;
2278;
2309;
2302;
2281;
2309;
2289;
2302;
2300;
2297;
2316;
2281;
2303;
2303;
2277;
2312;
2282;
2299;
2301;
2290;
2315;
2283;
2296;
2304;
2283;
2310;
2282;
2298;
2314;
2280;
2311;
2295;
2294;
2307;
2284;
2303;
2292;
2299;
2306;
2275;
2314;
2293;
2286;
2311;
2282;
2303;
2299;
2293;
2315;
2276;
2312;
2293;
2292;
2307;
2281;
2311;
2293;
2289;
2315;
2281;
2302;
2300;
2282;
2318;
2280;
2300;
2306;
2284;
2323;
2284;
2303;
2306;
2289;
2311;
2279;
2295;
2313;
2276;
2315;
2289;
2294;
2312;
2277;
2311;
2282;
2290;
2319;
2273;
2311;
2287;
2290;
2310;
2277;
2314;
2287;
2284;
2319;
2270;
2307;
2303;
2286;
2314;
2279;
2309;
2301;
2281;
2314;
2272;
2304;
2301;
2284;
2314;
2278;
2305;
2302;
2279;
2316;
2278;
2301;
2310;
2281;
2317;
2279;
2295;
2318;
2278;
2317;
2282;
2291;
2310;
2278;
2319;
2288;
2291;
2312;
2275;
2313;
2291;
2286;
2309;
2266;
2314;
2298;
2280;
2308;
2275;
2312;
2293;
2295;
2316;
2270;
2313;
2297;
2288;
2319;
2282;
2311;
2288;
2284;
2316;
2274;
2309;
2299;
2280;
2317;
2281;
2308;
2294;
2291;
2314;
2267;
2310;
2302;
2276;
2316;
2276;
2298;
2309;
2280;
2316;
2282;
2300;
2302;
2275;
2317;
2283;
2299;
2311;
2271;
2317;
2282;
2289;
2312;
2275;
2315;
2285;
2306;
2314;
2273;
2322;
2291;
2288;
2315;
2279;
2315;
2290;
2289;
2317;
2272;
2314;
2287;
2284;
2316;
2287;
2306;
2311;
2285;
2318;
2288;
2309;
2305;
2279;
2316;
2275;
2298;
2302;
2278;
2322;
2280;
2301;
2311;
2274;
2316;
2285;
2292;
2306;
2273;
2319;
2280;
2288;
2321;
2271;
2316;
2288;
2288;
2317;
2271;
2317;
2288;
2288;
2318;
2271;
2308;
2299;
2279;
2317;
2279;
2309;
2297;
2279;
2317;
2276;
2307;
2302;
2279;
2317;
2274;
2301;
2302;
2277;
2319;
2276;
2303;
2305;
2276;
2315;
2276;
2302;
2308;
2275;
2325;
2282;
2292;
2306;
2275;
2314;
2284;
2292;
2308;
2269;
2318;
2289;
2296;
2310;
2276;
2310;
2291;
2287;
2314;
2275;
2318;
2295;
2286;
2318;
2276;
2310;
2296;
2290;
2317;
2275;
2305;
2298;
2281;
2322;
2279;
2302;
2300;
2280;
2319;
2275;
2303;
2301;
2274;
2318;
2279;
2297;
2306;
2273;
2322;
2283;
2298;
2307;
2274;
2320;
2281;
2295;
2313;
2279;
2313;
2284;
2293;
2308;
2281;
2316;
2287;
2283;
2314;
2277;
2317;
2293;
2279;
2315;
2274;
2314;
2293;
2281;
2322;
2273;
2304;
2301;
2287;
2319;
2278;
2302;
2300;
2284;
2318;
2277;
2303;
2298;
2275;
2322;
2279;
2296;
2301;
2285;
2313;
2275;
2298;
2307;
2272;
2319;
2288;
2293;
2308;
2278;
2318;
2282;
2291;
2311;
2273;
2318;
2289;
2288;
2315;
2275;
2311;
2289;
2289;
2313;
2274;
2313;
2292;
2284;
2313;
2281;
2311;
2298;
2277;
2318;
2286;
2300;
2300;
2293;
2318;
2273;
2310;
2308;
2273;
2326;
2283;
2293;
2307;
2285;
2307;
2282;
2300;
2303;
2278;
2321;
2282;
2298;
2306;
2277;
2315;
2283;
2299;
2311;
2274;
2315;
2287;
2294;
2310;
2275;
2319;
2289;
2291;
2315;
2279;
2311;
2288;
2293;
2310;
2278;
2312;
2295;
2289;
2317;
2273;
2305;
2298;
2286;
2315;
2274;
2310;
2296;
2279;
2319;
2279;
2310;
2299;
2280;
2325;
2279;
2299;
2297;
2285;
2315;
2279;
2300;
2300;
2288;
2326;
2276;
2292;
2306;
2287;
2316;
2278;
2295;
2306;
2283;
2320;
2281;
2293;
2305;
2274;
2318;
2292;
2289;
2303;
2287;
2313;
2280;
2284;
2310;
2297;
2303;
2290;
2295;
2298;
2299;
2298;
2295;
2294;
2294;
2307;
2294;
2298;
2295;
2295;
2298;
2299;
2299;
2295;
2298;
2300;
2294;
2300;
2299;
2300;
2293;
2297;
2298;
2295;
2299;
2295;
2295;
2299;
2297;
2295;
2294;
2298;
2303;
2295;
2298;
2297;
2296;
2294;
2298;
2298;
2296;
2295;
2291;
2302;
2295;
2300;
2295;
2297;
2298;
2294;
2296;
2305;
2287;
2302;
2295;
2291;
2309;
2291;
2301;
2299;
2286;
2304;
2288;
2299;
2301;
2287;
2299;
2294;
2300;
2301;
2290;
2302;
2291;
2295;
2301;
2288;
2301;
2293;
2293;
2300;
2285;
2309;
2291;
2299;
2309;
2289;
2300;
2298;
2295;
2309;
2285;
2300;
2299;
2289;
2309;
2280;
2307;
2298;
2285;
2308;
2283;
2302;
2294;
2282;
2317;
2287;
2302;
2294;
2288;
2312;
2284;
2304;
2300;
2289;
2311;
2283;
2298;
2299;
2282;
2311;
2286;
2298;
2303;
2283;
2311;
2283;
2299;
2309;
2283;
2308;
2291;
2293;
2308;
2280;
2308;
2292;
2293;
2308;
2284;
2310;
2292;
2286;
2312;
2281;
2307;
2295;
2284;
2310;
2283;
2307;
2296;
2283;
2311;
2286;
2299;
2297;
2285;
2307;
2284;
2303;
2299;
2291;
2311;
2286;
2303;
2306;
2286;
2307;
2287;
2296;
2297;
2287;
2315;
2285;
2302;
2303;
2280;
2313;
2289;
2294;
2310;
2284;
2309;
2291;
2291;
2301;
2289;
2311;
2285;
2297;
2316;
2279;
2311;
2298;
2283;
2305;
2289;
2303;
2295;
2292;
2307;
2283;
2305;
2295;
2288;
2307;
2280;
2309;
2298;
2283;
2307;
2291;
2294;
2300;
2290;
2310;
2283;
2304;
2307;
2279;
2313;
2289;
2283;
2306;
2284;
2308;
2286;
2298;
2306;
2277;
2314;
2295;
2291;
2309;
2280;
2306;
2284;
2290;
2315;
2284;
2305;
2294;
2291;
2310;
2278;
2307;
2294;
2286;
2307;
2283;
2306;
2299;
2286;
2317;
2272;
2308;
2301;
2282;
2318;
2287;
2292;
2303;
2289;
2319;
2285;
2300;
2306;
2277;
2319;
2283;
2298;
2301;
2273;
2323;
2287;
2294;
2315;
2272;
2319;
2287;
2292;
2313;
2274;
2312;
2290;
2285;
2314;
2279;
2315;
2293;
2289;
2311;
2277;
2308;
2299;
2283;
2318;
2277;
2310;
2290;
2279;
2316;
2277;
2302;
2304;
2282;
2317;
2284;
2301;
2302;
2281;
2313;
2280;
2304;
2295;
2275;
2326;
2281;
2299;
2309;
2276;
2314;
2284;
2295;
2303;
2273;
2316;
2282;
2294;
2310;
2274;
2311;
2295;
2283;
2312;
2283;
2311;
2294;
2285;
2315;
2280;
2311;
2294;
2284;
2319;
2273;
2305;
2301;
2285;
2315;
2281;
2315;
2288;
2287;
2320;
2272;
2307;
2303;
2285;
2316;
2279;
2310;
2295;
2287;
2323;
2273;
2310;
2304;
2282;
2310;
2286;
2299;
2304;
2281;
2317;
2281;
2304;
2303;
2276;
2316;
2283;
2302;
2309;
2273;
2311;
2292;
2298;
2309;
2282;
2323;
2279;
2293;
2315;
2267;
2319;
2294;
2287;
2308;
2277;
2313;
2289;
2296;
2312;
2271;
2302;
2306;
2288;
2315;
2278;
2307;
2299;
2282;
2321;
2273;
2301;
2305;
2278;
2319;
2284;
2297;
2309;
2279;
2315;
2290;
2294;
2306;
2279;
2318;
2285;
2292;
2311;
2268;
2317;
2293;
2293;
2313;
2279;
2315;
2287;
2291;
2312;
2273;
2311;
2298;
2287;
2311;
2282;
2316;
2298;
2284;
2315;
2277;
2309;
2294;
2284;
2320;
2274;
2307;
2303;
2276;
2315;
2283;
2301;
2294;
2277;
2322;
2280;
2302;
2310;
2276;
2319;
2289;
2299;
2308;
2282;
2315;
2283;
2302;
2315;
2271;
2317;
2284;
2297;
2309;
2275;
2314;
2289;
2289;
2322;
2280;
2313;
2289;
2294;
2313;
2271;
2315;
2297;
2280;
2319;
2275;
2307;
2298;
2286;
2312;
2276;
2306;
2306;
2280;
2317;
2279;
2303;
2300;
2285;
2321;
2276;
2312;
2299;
2278;
2321;
2282;
2300;
2307;
2279;
2321;
2283;
2296;
2307;
2280;
2314;
2287;
2296;
2308;
2273;
2314;
2286;
2284;
2312;
2281;
2311;
2284;
2291;
2314;
2275;
2317;
2290;
2283;
2314;
2275;
2307;
2292;
2286;
2314;
2276;
2311;
2293;
2281;
2317;
2277;
2311;
2295;
2285;
2319;
2277;
2308;
2308;
2273;
2317;
2280;
2305;
2300;
2283;
2320;
2285;
2299;
2311;
2275;
2313;
2280;
2300;
2313;
2277;
2322;
2287;
2294;
2307;
2279;
2310;
2290;
2295;
2316;
2279;
2317;
2293;
2293;
2311;
2279;
2319;
2293;
2283;
2323;
2280;
2305;
2292;
2295;
2314;
2278;
2313;
2298;
2279;
2313;
2278;
2308;
2299;
2280;
2317;
2284;
2295;
2303;
2280;
2318;
2287;
2298;
2305;
2278;
2314;
2282;
2294;
2310;
2271;
2308;
2291;
2297;
2309;
2278;
2319;
2282;
2293;
2305;
2283;
2316;
2296;
2296;
2304;
2276;
2319;
2284;
2285;
2311;
2277;
2306;
2289;
2287;
2313;
2283;
2301;
2290;
2285;
2323;
2274;
2309;
2295;
2292;
2313;
2276;
2307;
2301;
2279;
2310;
2288;
2307;
2295;
2284;
2325;
2275;
2306;
2305;
2275;
2313;
2291;
2297;
2299;
2282;
2314;
2277;
2299;
2311;
2274;
2316;
2283;
2299;
2307;
2277;
2311;
2291;
2295;
2306;
2281;
2316;
2293;
2291;
2310;
2273;
2313;
2289;
2287;
2316;
2285;
2310;
2287;
2290;
2312;
2274;
2311;
2297;
2286;
2315;
2275;
2307;
2302;
2285;
2310;
2279;
2309;
2295;
2283;
2319;
2279;
2306;
2304;
2282;
2309;
2286;
2303;
2296;
2282;
2317;
2278;
2296;
2311;
2277;
2312;
2282;
2300;
2307;
2277;
2311;
2290;
2298;
2311;
2281;
2317;
2286;
2296;
2307;
2275;
2316;
2290;
2287;
2322;
2281;
2310;
2289;
2288;
2317;
2278;
2303;
2298;
2290;
2309;
2278;
2309;
2299;
2286;
2313;
2283;
2305;
2301;
2287;
2315;
2281;
2310;
2299;
2274;
2318;
2285;
2297;
2303;
2284;
2310;
2282;
2308;
2307;
2280;
2313;
2281;
2292;
2307;
2278;
2310;
2287;
2305;
2305;
2276;
2315;
2288;
2300;
2303;
2275;
2311;
2286;
2290;
2314;
2280;
2307;
2292;
2294;
2313;
2277;
2319;
2287;
2288;
2315;
2269;
2306;
2305;
2283;
2307;
2283;
2311;
2295;
2284;
2313;
2280;
2308;
2305;
2283;
2318;
2278;
2303;
2300;
2280;
2313;
2281;
2302;
2296;
2283;
2314;
2279;
2306;
2306;
2273;
2320;
2293;
2295;
2302;
2279;
2318;
2276;
2300;
2314;
2273;
2310;
2294;
2294;
2310;
2285;
2309;
2282;
2298;
2314;
2273;
2307;
2297;
2292;
2315;
2270;
2316;
2299;
2286;
2308;
2277;
2313;
2291;
2290;
2318;
2273;
2308;
2300;
2285;
2317;
2279;
2305;
2295;
2289;
2313;
2274;
2308;
2309;
2282;
2316;
2282;
2302;
2297;
2277;
2318;
2285;
2301;
2303;
2286;
2309;
2282;
2303;
2311;
2278;
2310;
2287;
2296;
2307;
2280;
2309;
2288;
2302;
2302;
2276;
2319;
2294;
2290;
2309;
2278;
2313;
2282;
2296;
2314;
2276;
2303;
2293;
2296;
2309;
2278;
2308;
2295;
2284;
2315;
2276;
2301;
2311;
2288;
2307;
2281;
2308;
2301;
2280;
2321;
2285;
2300;
2297;
2285;
2312;
2285;
2301;
2297;
2291;
2314;
2276;
2307;
2303;
2279;
2317;
2282;
2295;
2308;
2281;
2312;
2288;
2298;
2301;
2277;
2316;
2288;
2296;
2307;
2279;
2307;
2287;
2296;
2310;
2278;
2309;
2285;
2294;
2310;
2277;
2316;
2293;
2290;
2313;
2278;
2311;
2302;
2284;
2306;
2280;
2308;
2291;
2293;
2309;
2281;
2308;
2297;
2291;
2311;
2275;
2311;
2306;
2288;
2312;
2278;
2301;
2300;
2284;
2319;
2281;
2299;
2306;
2278;
2313;
2286;
2301;
2310;
2279;
2306;
2286;
2300;
2303;
2280;
2316;
2289;
2296;
2298;
2276;
2320;
2287;
2296;
2305;
2276;
2316;
2287;
2298;
2303;
2272;
2317;
2292;
2295;
2313;
2277;
2314;
2293;
2297;
2311;
2272;
2316;
2290;
2294;
2311;
2277;
2316;
2293;
2285;
2313;
2278;
2311;
2290;
2294;
2314;
2276;
2309;
2295;
2284;
2320;
2275;
2313;
2297;
2287;
2313;
2275;
2310;
2302;
2282;
2316;
2277;
2308;
2306;
2282;
2314;
2277;
2305;
2307;
2279;
2318;
2276;
2302;
2303;
2274;
2315;
2281;
2303;
2308;
2277;
2318;
2283;
2296;
2306;
2273;
2321;
2282;
2295;
2314;
2275;
2319;
2290;
2296;
2309;
2275;
2314;
2294;
2291;
2310;
2271;
2315;
2292;
2290;
2308;
2280;
2315;
2286;
2292;
2313;
2279;
2313;
2292;
2290;
2316;
2274;
2315;
2300;
2287;
2316;
2282;
2309;
2296;
2280;
2315;
2279;
2313;
2299;
2283;
2317;
2281;
2301;
2302;
2280;
2316;
2277;
2300;
2302;
2277;
2318;
2282;
2295;
2308;
2274;
2317;
2287;
2296;
2304;
2270;
2324;
2282;
2300;
2303;
2278;
2316;
2291;
2298;
2305;
2270;
2322;
2296;
2291;
2312;
2274;
2315;
2284;
2293;
2309;
2276;
2316;
2290;
2281;
2315;
2273;
2317;
2293;
2289;
2318;
2278;
2310;
2294;
2290;
2319;
2276;
2311;
2295;
2290;
2311;
2279;
2307;
2297;
2285;
2316;
2289;
2305;
2291;
2289;
2309;
2272;
2309;
2297;
2285;
2317;
2281;
2305;
2300;
2284;
2316;
2277;
2314;
2300;
2276;
2317;
2275;
2304;
2305;
2279;
2314;
2281;
2303;
2302;
2281;
2314;
2287;
2303;
2299;
2280;
2316;
2289;
2292;
2306;
2279;
2316;
2285;
2301;
2304;
2278;
2322;
2285;
2300;
2305;
2278;
2322;
2287;
2297;
2307;
2274;
2323;
2278;
2303;
2313;
2270;
2321;
2285;
2295;
2313;
2272;
2318;
2284;
2290;
2315;
2271;
2315;
2287;
2292;
2311;
2271;
2323;
2287;
2279;
2320;
2272;
2311;
2296;
2285;
2310;
2278;
2320;
2287;
2286;
2321;
2272;
2311;
2297;
2278;
2324;
2269;
2308;
2303;
2279;
2321;
2274;
2307;
2291;
2279;
2322;
2276;
2300;
2307;
2269;
2324;
2279;
2300;
2303;
2275;
2322;
2285;
2297;
2307;
2272;
2325;
2283;
2299;
2308;
2269;
2318;
2278;
2294;
2311;
2278;
2319;
2279;
2299;
2310;
2274;
2324;
2281;
2292;
2315;
2274;
2316;
2293;
2287;
2313;
2278;
2304;
2287;
2289;
2315;
2270;
2319;
2289;
2285;
2316;
2277;
2310;
2292;
2282;
2321;
2275;
2315;
2297;
2283;
2318;
2274;
2310;
2301;
2284;
2324;
2273;
2305;
2303;
2279;
2316;
2282;
2304;
2302;
2281;
2318;
2279;
2302;
2307;
2282;
2317;
2278;
2306;
2308;
2278;
2318;
2284;
2296;
2309;
2279;
2318;
2281;
2293;
2310;
2272;
2314;
2282;
2291;
2310;
2278;
2317;
2292;
2291;
2313;
2276;
2318;
2289;
2293;
2306;
2281;
2317;
2288;
2292;
2316;
2279;
2308;
2292;
2286;
2311;
2285;
2310;
2288;
2281;
2316;
2281;
2305;
2295;
2285;
2310;
2281;
2305;
2300;
2283;
2314;
2279;
2305;
2298;
2286;
2314;
2279;
2307;
2308;
2281;
2311;
2290;
2299;
2299;
2287;
2312;
2276;
2300;
2303;
2281;
2308;
2287;
2294;
2303;
2280;
2309;
2286;
2303;
2304;
2279;
2311;
2286;
2297;
2307;
2282;
2315;
2287;
2289;
2307;
2285;
2312;
2290;
2298;
2309;
2276;
2310;
2296;
2287;
2307;
2283;
2303;
2295;
2295;
2306;
2279;
2313;
2289;
2290;
2312;
2289;
2300;
2305;
2282;
2306;
2283;
2300;
2298;
2283;
2319;
2289;
2299;
2304;
2284;
2306;
2292;
2297;
2302;
2287;
2311;
2289;
2296;
2306;
2284;
2306;
2290;
2297;
2309;
2285;
2303;
2291;
2290;
2310;
2280;
2310;
2291;
2294;
2309;
2288;
2304;
2295;
2290;
2303;
2293;
2301;
2293;
2287;
2308;
2287;
2302;
2297;
2287;
2307;
2287;
2299;
2300;
2289;
2306;
2290;
2296;
2305;
2290;
2303;
2295;
2297;
2297;
2295;
2302;
2287;
2296;
2301;
2294;
2292;
2301;
2297;
2291;
2294;
2294;
2295;
2288;
2295;
2297;
2299;
2297;
2302;
2297;
2296;
2297;
2294;
2298;
2298;
2296;
2295;
2295;
2297;
2295;
2301;
2297;
2295;
2294;
2296;
2294;
2298;
2292;
2297;
2302;
2295;
2299;
2291;
2297;
2295;
2297;
2297;
2296;
2300;
2299;
2293;
2294;
2301;
2292;
2295;
2296;
2289;
2295;
2298;
2299;
2296;
2296;
2299;
2297;
2295;
2296;
2300;
2298;
2298;
2292;
2288;
2316;
2278;
2305;
2298;
2284;
2311;
2286;
2298;
2299;
2287;
2312;
2281;
2303;
2307;
2279;
2311;
2289;
2301;
2304;
2277;
2319;
2291;
2289;
2308;
2277;
2307;
2286;
2295;
2312;
2284;
2310;
2286;
2295;
2306;
2277;
2314;
2291;
2293;
2311;
2280;
2313;
2297;
2293;
2311;
2277;
2309;
2291;
2287;
2315;
2282;
2299;
2294;
2283;
2311;
2277;
2308;
2299;
2281;
2321;
2279;
2302;
2301;
2287;
2307;
2282;
2306;
2303;
2281;
2313;
2281;
2302;
2296;
2283;
2316;
2287;
2301;
2307;
2283;
2314;
2287;
2295;
2306;
2282;
2310;
2280;
2295;
2314;
2276;
2311;
2291;
2294;
2309;
2279;
2315;
2295;
2293;
2313;
2271;
2305;
2292;
2289;
2311;
2282;
2305;
2280;
2292;
2326;
2279;
2299;
2295;
2289;
2308;
2281;
2303;
2311;
2283;
2313;
2289;
2296;
2293;
2289;
2307;
2277;
2307;
2312;
2274;
2321;
2285;
2292;
2308;
2286;
2307;
2273;
2306;
2310;
2275;
2319;
2292;
2287;
2304;
2277;
2313;
2288;
2294;
2313;
2276;
2315;
2290;
2292;
2310;
2281;
2302;
2285;
2292;
2321;
2280;
2305;
2297;
2285;
2306;
2279;
2310;
2297;
2286;
2316;
2274;
2310;
2305;
2294;
2307;
2276;
2307;
2298;
2281;
2317;
2284;
2303;
2290;
2284;
2310;
2281;
2303;
2311;
2278;
2306;
2283;
2300;
2300;
2279;
2311;
2288;
2296;
2307;
2283;
2313;
2276;
2297;
2322;
2284;
2299;
2290;
2300;
2308;
2277;
2313;
2287;
2294;
2312;
2273;
2303;
2298;
2289;
2301;
2279;
2315;
2292;
2289;
2323;
2277;
2301;
2296;
2290;
2312;
2280;
2303;
2295;
2280;
2311;
2284;
2303;
2302;
2286;
2316;
2274;
2311;
2304;
2276;
2309;
2286;
2299;
2301;
2289;
2308;
2275;
2300;
2307;
2271;
2312;
2291;
2298;
2307;
2290;
2310;
2281;
2301;
2313;
2276;
2307;
2286;
2299;
2308;
2275;
2313;
2291;
2291;
2307;
2283;
2310;
2281;
2300;
2315;
2274;
2315;
2295;
2292;
2311;
2282;
2306;
2296;
2290;
2307;
2271;
2318;
2296;
2281;
2308;
2285;
2309;
2295;
2283;
2317;
2276;
2306;
2295;
2285;
2314;
2285;
2301;
2297;
2281;
2324;
2275;
2303;
2307;
2283;
2317;
2282;
2298;
2306;
2283;
2316;
2280;
2298;
2307;
2289;
2313;
2283;
2303;
2298;
2275;
2320;
2285;
2297;
2305;
2277;
2313;
2286;
2300;
2310;
2271;
2316;
2286;
2296;
2311;
2273;
2315;
2288;
2294;
2317;
2275;
2311;
2290;
2292;
2311;
2279;
2318;
2288;
2286;
2316;
2273;
2304;
2298;
2288;
2315;
2270;
2313;
2296;
2282;
2313;
2277;
2311;
2293;
2278;
2321;
2271;
2306;
2303;
2275;
2314;
2278;
2304;
2303;
2273;
2319;
2288;
2305;
2306;
2277;
2314;
2291;
2301;
2302;
2282;
2319;
2277;
2303;
2310;
2281;
2315;
2283;
2297;
2306;
2277;
2308;
2286;
2300;
2309;
2273;
2316;
2285;
2294;
2310;
2280;
2314;
2286;
2294;
2310;
2278;
2315;
2286;
2297;
2311;
2276;
2312;
2292;
2287;
2316;
2278;
2311;
2296;
2286;
2307;
2282;
2313;
2289;
2288;
2316;
2278;
2306;
2298;
2283;
2313;
2281;
2306;
2303;
2284;
2312;
2281;
2308;
2295;
2280;
2318;
2276;
2302;
2306;
2274;
2317;
2283;
2297;
2306;
2279;
2311;
2289;
2302;
2299;
2279;
2315;
2281;
2302;
2307;
2276;
2317;
2288;
2291;
2310;
2281;
2309;
2284;
2299;
2301;
2269;
2318;
2282;
2296;
2314;
2274;
2313;
2287;
2295;
2303;
2276;
2315;
2287;
2299;
2310;
2274;
2313;
2284;
2289;
2314;
2272;
2306;
2299;
2289;
2305;
2278;
2309;
2292;
2285;
2313;
2278;
2306;
2297;
2283;
2315;
2279;
2311;
2302;
2287;
2313;
2279;
2308;
2295;
2289;
2317;
2273;
2316;
2294;
2290;
2320;
2275;
2313;
2299;
2282;
2320;
2274;
2312;
2293;
2281;
2321;
2275;
2307;
2302;
2276;
2328;
2271;
2305;
2305;
2273;
2325;
2285;
2302;
2301;
2280;
2320;
2271;
2302;
2312;
2273;
2327;
2287;
2291;
2306;
2280;
2316;
2283;
2298;
2310;
2267;
2322;
2290;
2291;
2311;
2271;
2318;
2284;
2293;
2313;
2275;
2313;
2292;
2287;
2306;
2276;
2320;
2296;
2283;
2320;
2269;
2311;
2298;
2293;
2314;
2279;
2313;
2295;
2278;
2319;
2271;
2316;
2295;
2281;
2324;
2277;
2307;
2299;
2283;
2315;
2279;
2306;
2297;
2280;
2327;
2271;
2307;
2306;
2279;
2322;
2281;
2299;
2309;
2278;
2319;
2279;
2299;
2308;
2271;
2319;
2278;
2298;
2307;
2271;
2323;
2281;
2291;
2315;
2277;
2314;
2284;
2294;
2310;
2278;
2321;
2284;
2297;
2314;
2273;
2313;
2287;
2286;
2318;
2274;
2314;
2289;
2289;
2315;
2274;
2311;
2295;
2285;
2313;
2277;
2310;
2298;
2287;
2320;
2275;
2307;
2297;
2284;
2317;
2277;
2302;
2298;
2284;
2317;
2276;
2305;
2301;
2278;
2320;
2289;
2303;
2306;
2282;
2312;
2283;
2302;
2302;
2279;
2312;
2283;
2302;
2306;
2280;
2319;
2283;
2298;
2303;
2283;
2311;
2287;
2290;
2307;
2283;
2311;
2290;
2294;
2303;
2283;
2307;
2291;
2295;
2306;
2285;
2310;
2290;
2287;
2313;
2279;
2308;
2294;
2281;
2315;
2279;
2305;
2293;
2294;
2309;
2282;
2315;
2291;
2286;
2313;
2284;
2301;
2293;
2283;
2305;
2281;
2306;
2297;
2287;
2305;
2284;
2307;
2303;
2289;
2312;
2285;
2299;
2295;
2291;
2310;
2283;
2307;
2298;
2284;
2322;
2285;
2300;
2306;
2282;
2303;
2291;
2299;
2301;
2286;
2310;
2289;
2290;
2313;
2275;
2311;
2299;
2284;
2306;
2287;
2309;
2291;
2292;
2314;
2286;
2307;
2295;
2283;
2306;
2291;
2302;
2297;
2285;
2310;
2286;
2300;
2303;
2291;
2309;
2283;
2302;
2300;
2286;
2310;
2286;
2292;
2300;
2283;
2310;
2286;
2298;
2306;
2285;
2309;
2290;
2295;
2299;
2283;
2311;
2288;
2303;
2304;
2289;
2307;
2291;
2290;
2307;
2286;
2302;
2293;
2298;
2305;
2290;
2307;
2295;
2297;
2303;
2298;
2294;
2299;
2296;
2303;
2294;
2299;
2295;
2291;
2298;
2296;
2298;
2295;
2299;
2296;
2297;
2298;
2303;
2298;
2298;
2298;
2296;
2295;
2298;
2298;
2299;
2298;
2296;
2294;
2290;
2300;
2297;
2292;
2303;
2300;
2297;
2293;
2296;
2298;
2292;
2296;
2292;
2296;
2299;
2291;
2296;
2293;
2303;
2296;
2308;
2295;
2295;
2297;
2303;
2298;
2298;
2295;
2297;
2291;
2292;
2294;
2299;
2296;
2296;
2298;
2293;
2298;
2295;
2293;
2301;
2295;
2297;
2295;
2299;
2290;
2306;
2295;
2284;
2304;
2296;
2292;
2306;
2291;
2304;
2298;
2295;
2298;
2289;
2307;
2293;
2293;
2310;
2289;
2298;
2295;
2299;
2303;
2285;
2300;
2298;
2293;
2302;
2293;
2300;
2297;
2292;
2306;
2288;
2305;
2298;
2281;
2313;
2290;
2302;
2300;
2287;
2306;
2285;
2296;
2304;
2281;
2302;
2290;
2303;
2301;
2286;
2310;
2287;
2293;
2304;
2280;
2305;
2284;
2297;
2303;
2281;
2309;
2291;
2297;
2307;
2281;
2311;
2294;
2291;
2311;
2284;
2307;
2291;
2292;
2309;
2282;
2303;
2293;
2289;
2307;
2282;
2302;
2305;
2281;
2313;
2285;
2299;
2302;
2284;
2318;
2280;
2303;
2302;
2281;
2308;
2291;
2300;
2297;
2285;
2306;
2283;
2299;
2305;
2281;
2310;
2290;
2295;
2304;
2285;
2301;
2291;
2297;
2310;
2281;
2307;
2292;
2295;
2307;
2285;
2309;
2295;
2289;
2303;
2286;
2305;
2301;
2287;
2310;
2277;
2299;
2303;
2288;
2309;
2282;
2303;
2301;
2287;
2308;
2287;
2296;
2303;
2290;
2307;
2288;
2297;
2303;
2283;
2313;
2287;
2293;
2300;
2288;
2311;
2293;
2304;
2304;
2282;
2310;
2292;
2291;
2300;
2287;
2310;
2287;
2292;
2309;
2280;
2306;
2296;
2290;
2307;
2279;
2309;
2290;
2294;
2315;
2279;
2303;
2299;
2289;
2311;
2283;
2304;
2294;
2285;
2311;
2273;
2306;
2298;
2286;
2311;
2284;
2303;
2301;
2278;
2311;
2286;
2290;
2307;
2286;
2315;
2285;
2294;
2311;
2274;
2319;
2287;
2289;
2311;
2276;
2308;
2288;
2292;
2313;
2275;
2306;
2294;
2293;
2311;
2274;
2313;
2293;
2290;
2323;
2280;
2305;
2297;
2289;
2314;
2273;
2312;
2297;
2285;
2314;
2278;
2306;
2301;
2288;
2313;
2279;
2308;
2302;
2277;
2317;
2281;
2302;
2296;
2285;
2316;
2275;
2300;
2311;
2276;
2311;
2290;
2297;
2305;
2277;
2321;
2283;
2291;
2319;
2275;
2308;
2292;
2294;
2308;
2278;
2317;
2287;
2287;
2319;
2270;
2309;
2297;
2279;
2318;
2277;
2312;
2295;
2280;
2316;
2273;
2305;
2297;
2281;
2328;
2276;
2300;
2303;
2281;
2313;
2284;
2301;
2300;
2283;
2319;
2279;
2295;
2309;
2276;
2306;
2289;
2301;
2301;
2284;
2316;
2271;
2304;
2306;
2274;
2309;
2293;
2290;
2311;
2286;
2317;
2279;
2294;
2312;
2272;
2311;
2305;
2281;
2312;
2282;
2299;
2293;
2297;
2313;
2282;
2314;
2285;
2293;
2326;
2280;
2305;
2298;
2286;
2313;
2279;
2304;
2301;
2283;
2316;
2278;
2306;
2293;
2278;
2321;
2287;
2297;
2311;
2282;
2313;
2286;
2295;
2314;
2272;
2319;
2278;
2298;
2318;
2271;
2314;
2295;
2292;
2308;
2271;
2319;
2281;
2289;
2320;
2272;
2312;
2296;
2287;
2315;
2276;
2308;
2295;
2292;
2316;
2273;
2304;
2297;
2287;
2318;
2277;
2307;
2305;
2282;
2308;
2285;
2306;
2297;
2278;
2319;
2273;
2305;
2308;
2272;
2317;
2285;
2297;
2302;
2278;
2318;
2280;
2301;
2312;
2270;
2324;
2290;
2286;
2314;
2286;
2308;
2286;
2299;
2308;
2274;
2314;
2288;
2291;
2308;
2275;
2311;
2288;
2284;
2317;
2280;
2311;
2289;
2289;
2313;
2273;
2303;
2297;
2293;
2310;
2283;
2307;
2297;
2287;
2313;
2270;
2305;
2299;
2283;
2312;
2279;
2289;
2305;
2290;
2313;
2274;
2295;
2310;
2282;
2315;
2286;
2294;
2314;
2275;
2310;
2288;
2296;
2305;
2287;
2312;
2281;
2297;
2311;
2269;
2308;
2297;
2286;
2312;
2280;
2308;
2286;
2300;
2314;
2266;
2307;
2304;
2277;
2322;
2277;
2309;
2292;
2283;
2318;
2273;
2307;
2303;
2280;
2313;
2281;
2307;
2306;
2286;
2323;
2283;
2297;
2306;
2279;
2321;
2282;
2303;
2307;
2279;
2319;
2286;
2296;
2311;
2281;
2313;
2288;
2295;
2313;
2274;
2316;
2290;
2289;
2313;
2266;
2310;
2291;
2292;
2312;
2277;
2313;
2287;
2283;
2316;
2283;
2307;
2295;
2283;
2317;
2283;
2302;
2295;
2286;
2316;
2282;
2306;
2304;
2280;
2318;
2275;
2303;
2303;
2278;
2319;
2284;
2303;
2299;
2283;
2315;
2286;
2296;
2306;
2282;
2312;
2289;
2293;
2311;
2283;
2316;
2285;
2288;
2312;
2276;
2314;
2288;
2289;
2311;
2286;
2310;
2291;
2288;
2311;
2280;
2308;
2292;
2288;
2314;
2285;
2306;
2297;
2279;
2315;
2280;
2303;
2299;
2279;
2311;
2277;
2304;
2304;
2289;
2317;
2281;
2303;
2302;
2281;
2308;
2283;
2306;
2301;
2284;
2312;
2281;
2303;
2301;
2281;
2316;
2288;
2284;
2306;
2283;
2309;
2282;
2292;
2310;
2279;
2319;
2288;
2298;
2310;
2278;
2309;
2296;
2291;
2308;
2276;
2311;
2294;
2288;
2319;
2283;
2312;
2294;
2286;
2313;
2281;
2311;
2297;
2282;
2314;
2283;
2307;
2300;
2285;
2319;
2283;
2302;
2300;
2283;
2311;
2286;
2311;
2303;
2284;
2316;
2286;
2295;
2303;
2279;
2312;
2279;
2297;
2302;
2287;
2322;
2281;
2301;
2308;
2276;
2310;
2284;
2299;
2309;
2277;
2309;
2289;
2294;
2307;
2279;
2310;
2289;
2294;
2311;
2279;
2309;
2287;
2291;
2313;
2279;
2298;
2295;
2295;
2315;
2275;
2308;
2295;
2283;
2312;
2279;
2304;
2299;
2283;
2311;
2283;
2302;
2295;
2283;
2313;
2283;
2304;
2300;
2283;
2318;
2282;
2299;
2303;
2281;
2304;
2290;
2299;
2303;
2287;
2311;
2285;
2300;
2308;
2279;
2313;
2288;
2300;
2307;
2278;
2309;
2288;
2290;
2312;
2285;
2313;
2284;
2292;
2316;
2276;
2309;
2301;
2293;
2305;
2278;
2310;
2287;
2289;
2316;
2279;
2305;
2303;
2284;
2306;
2284;
2310;
2299;
2278;
2314;
2282;
2299;
2302;
2286;
2321;
2279;
2294;
2305;
2287;
2311;
2289;
2302;
2303;
2283;
2315;
2282;
2299;
2309;
2279;
2316;
2287;
2292;
2301;
2294;
2312;
2282;
2301;
2311;
2279;
2322;
2280;
2283;
2315;
2283;
2312;
2291;
2287;
2313;
2279;
2308;
2289;
2291;
2317;
2279;
2310;
2292;
2289;
2318;
2278;
2304;
2303;
2290;
2311;
2284;
2307;
2295;
2281;
2325;
2278;
2301;
2302;
2280;
2319;
2283;
2303;
2299;
2282;
2318;
2279;
2296;
2306;
2281;
2316;
2282;
2284;
2310;
2295;
2311;
2276;
2298;
2306;
2284;
2307;
2287;
2296;
2319;
2281;
2307;
2292;
2305;
2305;
2276;
2315;
2291;
2290;
2315;
2279;
2310;
2286;
2297;
2311;
2279;
2305;
2295;
2291;
2316;
2280;
2308;
2291;
2288;
2319;
2278;
2304;
2300;
2284;
2306;
2286;
2311;
2294;
2285;
2320;
2272;
2296;
2308;
2281;
2311;
2284;
2302;
2305;
2284;
2315;
2280;
2297;
2310;
2276;
2310;
2283;
2300;
2313;
2275;
2318;
2289;
2284;
2306;
2285;
2311;
2288;
2291;
2313;
2265;
2316;
2288;
2286;
2321;
2273;
2307;
2294;
2291;
2306;
2277;
2313;
2292;
2281;
2310;
2284;
2310;
2291;
2289;
2321;
2273;
2303;
2304;
2288;
2313;
2283;
2305;
2293;
2278;
2314;
2282;
2303;
2311;
2276;
2312;
2281;
2296;
2307;
2282;
2316;
2281;
2298;
2305;
2281;
2321;
2279;
2305;
2305;
2275;
2311;
2290;
2294;
2308;
2278;
2316;
2287;
2296;
2314;
2277;
2316;
2290;
2299;
2309;
2274;
2308;
2289;
2289;
2311;
2278;
2310;
2292;
2291;
2310;
2271;
2308;
2296;
2289;
2319;
2272;
2303;
2302;
2294;
2314;
2273;
2305;
2296;
2287;
2319;
2277;
2297;
2299;
2288;
2318;
2273;
2295;
2307;
2287;
2319;
2273;
2305;
2305;
2285;
2317;
2282;
2306;
2306;
2283;
2317;
2279;
2302;
2310;
2277;
2319;
2283;
2296;
2308;
2282;
2317;
2278;
2305;
2304;
2278;
2319;
2283;
2298;
2311;
2279;
2310;
2279;
2298;
2312;
2279;
2311;
2292;
2294;
2311;
2277;
2310;
2286;
2287;
2315;
2276;
2315;
2291;
2288;
2319;
2271;
2311;
2290;
2286;
2313;
2277;
2309;
2289;
2287;
2318;
2268;
2303;
2299;
2286;
2316;
2285;
2300;
2297;
2291;
2314;
2270;
2312;
2306;
2280;
2318;
2283;
2298;
2302;
2280;
2314;
2282;
2299;
2306;
2285;
2319;
2277;
2306;
2305;
2279;
2316;
2286;
2298;
2314;
2281;
2311;
2290;
2297;
2307;
2278;
2319;
2284;
2292;
2311;
2274;
2318;
2289;
2290;
2314;
2274;
2307;
2299;
2290;
2313;
2276;
2311;
2289;
2285;
2316;
2273;
2315;
2289;
2282;
2323;
2272;
2311;
2292;
2291;
2315;
2271;
2310;
2301;
2285;
2315;
2278;
2310;
2303;
2280;
2319;
2285;
2305;
2301;
2288;
2316;
2275;
2311;
2300;
2278;
2321;
2286;
2300;
2305;
2276;
2313;
2283;
2306;
2304;
2279;
2316;
2281;
2298;
2313;
2280;
2318;
2290;
2294;
2311;
2278;
2307;
2290;
2304;
2300;
2279;
2322;
2274;
2298;
2314;
2276;
2316;
2287;
2299;
2311;
2280;
2314;
2283;
2299;
2316;
2275;
2318;
2280;
2292;
2313;
2275;
2317;
2287;
2289;
2313;
2284;
2314;
2288;
2304;
2310;
2271;
2315;
2285;
2284;
2322;
2273;
2311;
2298;
2293;
2309;
2278;
2311;
2282;
2292;
2316;
2269;
2310;
2295;
2284;
2317;
2265;
2305;
2300;
2280;
2314;
2285;
2307;
2297;
2281;
2321;
2271;
2307;
2307;
2271;
2326;
2282;
2299;
2300;
2283;
2316;
2279;
2310;
2303;
2276;
2315;
2272;
2297;
2307;
2274;
2320;
2279;
2287;
2307;
2274;
2312;
2287;
2296;
2307;
2278;
2317;
2287;
2290;
2317;
2270;
2319;
2289;
2284;
2314;
2273;
2315;
2289;
2288;
2315;
2274;
2324;
2289;
2293;
2318;
2268;
2312;
2290;
2288;
2313;
2278;
2310;
2292;
2286;
2317;
2271;
2314;
2297;
2286;
2319;
2277;
2304;
2297;
2284;
2325;
2273;
2303;
2305;
2274;
2323;
2276;
2305;
2304;
2285;
2322;
2279;
2309;
2305;
2276;
2319;
2281;
2301;
2301;
2282;
2319;
2284;
2295;
2303;
2277;
2311;
2293;
2293;
2313;
2273;
2319;
2287;
2297;
2314;
2271;
2312;
2289;
2293;
2312;
2277;
2310;
2289;
2294;
2313;
2276;
2317;
2295;
2287;
2311;
2273;
2307;
2296;
2291;
2313;
2272;
2307;
2298;
2290;
2314;
2277;
2307;
2295;
2286;
2313;
2282;
2303;
2300;
2281;
2315;
2282;
2304;
2297;
2281;
2319;
2279;
2306;
2303;
2284;
2315;
2283;
2303;
2309;
2286;
2314;
2280;
2297;
2308;
2280;
2311;
2291;
2295;
2303;
2286;
2313;
2289;
2297;
2301;
2280;
2315;
2286;
2295;
2308;
2278;
2311;
2295;
2294;
2310;
2283;
2310;
2285;
2298;
2310;
2277;
2310;
2289;
2288;
2308;
2290;
2304;
2295;
2296;
2305;
2276;
2317;
2290;
2289;
2310;
2280;
2306;
2298;
2291;
2309;
2278;
2315;
2295;
2284;
2306;
2286;
2299;
2303;
2282;
2307;
2292;
2301;
2304;
2281;
2307;
2282;
2297;
2306;
2280;
2310;
2291;
2290;
2309;
2281;
2307;
2295;
2294;
2308;
2278;
2314;
2288;
2288;
2307;
2280;
2307;
2290;
2290;
2306;
2284;
2309;
2294;
2287;
2311;
2284;
2300;
2297;
2288;
2311;
2286;
2300;
2298;
2286;
2315;
2286;
2301;
2301;
2287;
2308;
2285;
2301;
2302;
2290;
2305;
2290;
2303;
2299;
2286;
2309;
2294;
2299;
2305;
2288;
2299;
2299;
2294;
2300;
2294;
2297;
2300;
2289;
2298;
2291;
2296;
2297;
2294;
2294;
2300;
2298;
2298;
2299;
2292;
2295;
2297;
