1121;
2925;
2742;
1240;
2410;
3207;
1434;
1989;
3375;
1665;
1682;
3359;
2068;
1433;
2650;
2357;
2200;
2246;
2325;
2247;
2417;
2249;
2327;
2316;
2249;
2348;
2273;
2332;
2263;
2343;
2307;
2349;
2289;
2282;
2364;
2308;
2345;
2227;
2361;
2314;
2255;
2476;
2206;
2343;
2322;
2255;
2419;
2188;
2377;
2307;
2241;
2372;
2212;
2342;
2280;
2250;
2358;
2284;
2279;
2272;
2303;
2315;
2335;
2237;
2348;
2242;
2311;
2286;
2294;
2270;
2260;
2329;
2295;
2326;
2263;
2242;
2255;
2290;
2358;
2287;
2295;
2297;
2346;
2247;
2379;
2207;
2337;
2276;
2314;
2335;
2191;
2301;
2295;
2258;
2899;
2343;
1288;
2948;
2823;
1233;
2556;
3231;
1312;
2138;
3335;
1552;
1804;
3407;
1992;
1477;
3207;
2402;
1209;
2931;
2861;
1152;
2650;
3071;
1344;
2226;
3261;
1700;
1844;
3339;
2033;
1405;
3239;
2395;
1256;
3045;
2804;
1218;
2552;
3135;
1315;
2249;
3388;
1601;
1813;
3431;
1878;
1473;
3287;
2336;
1273;
2975;
2804;
1187;
2567;
3167;
1235;
2285;
3325;
1536;
1878;
3315;
1934;
1504;
3270;
2331;
1186;
3023;
2693;
1176;
2667;
3086;
1298;
2251;
3287;
1553;
1801;
3367;
1909;
1688;
2655;
2340;
2219;
2303;
2245;
2257;
2345;
2233;
2338;
2254;
2324;
2327;
2292;
2345;
2226;
2348;
2223;
2292;
2303;
2284;
2333;
2321;
2272;
2354;
2311;
2263;
2337;
2342;
2225;
2211;
2321;
2267;
2312;
2286;
2242;
2249;
2247;
2283;
2319;
2299;
2278;
2315;
2252;
2295;
2269;
2279;
2297;
2359;
2283;
2287;
2220;
2267;
2278;
2358;
2286;
2317;
2237;
2292;
2308;
2329;
2313;
2313;
2309;
2263;
2208;
2271;
2275;
2266;
2368;
2321;
2252;
2279;
2269;
2291;
2375;
2234;
2267;
2371;
2343;
1949;
2982;
2177;
1352;
3143;
2827;
1256;
2703;
3003;
1216;
2455;
3271;
1457;
1963;
3351;
1770;
1577;
3301;
2217;
1357;
3111;
2603;
1132;
2767;
3014;
1313;
2399;
3317;
1456;
1995;
3363;
1710;
1668;
3307;
2228;
1352;
3179;
2651;
1145;
2846;
3012;
1256;
2430;
3199;
1488;
2056;
3349;
1731;
1656;
3372;
2127;
1329;
3159;
2543;
1168;
2851;
2943;
1253;
2466;
3263;
1317;
2004;
3406;
1696;
1642;
3358;
2163;
1369;
3175;
2535;
1209;
2855;
3018;
1187;
2541;
3268;
1355;
2116;
3292;
1672;
2114;
2622;
2370;
2234;
2289;
2263;
2259;
2231;
2290;
2313;
2302;
2260;
2379;
2332;
2251;
2303;
2292;
2334;
2213;
2301;
2330;
2283;
2248;
2310;
2351;
2325;
2267;
2239;
2279;
2233;
2355;
2282;
2391;
2335;
2147;
2227;
2278;
2291;
2335;
2248;
2399;
2262;
2230;
2313;
2203;
2291;
2285;
2311;
2294;
2227;
2307;
2305;
2293;
2377;
2344;
2334;
2300;
2238;
2272;
2307;
2315;
2309;
2363;
2275;
2288;
2204;
2342;
2319;
2275;
2385;
2300;
2279;
2279;
2302;
2304;
2238;
2330;
2345;
2281;
2330;
1728;
3093;
1902;
1472;
3271;
2422;
1212;
2887;
2887;
1220;
2651;
3159;
1323;
2208;
3295;
1662;
1785;
3396;
2005;
1403;
3335;
2404;
1290;
2927;
2797;
1232;
2572;
3158;
1280;
2254;
3335;
1561;
1808;
3381;
2065;
1387;
3271;
2420;
1225;
3030;
2636;
1200;
2559;
3157;
1370;
2187;
3389;
1537;
1780;
3326;
1922;
1530;
3189;
2343;
1264;
2938;
2767;
1170;
2775;
3031;
1264;
2289;
3247;
1536;
1842;
3447;
1981;
1475;
3326;
2314;
1192;
3055;
2815;
1256;
2675;
3051;
1331;
2182;
3315;
1636;
2361;
2695;
2195;
2290;
2232;
2237;
2463;
