2291;
2296;
2295;
2295;
2297;
2299;
2301;
2293;
2294;
2298;
2298;
2300;
2294;
2297;
2295;
2293;
2296;
2294;
2296;
2297;
2297;
2302;
2298;
2292;
2302;
2295;
2297;
2296;
2292;
2299;
2296;
2298;
2297;
2298;
2296;
2294;
2302;
2299;
2295;
2299;
2300;
2291;
2295;
2295;
2300;
2295;
2297;
2298;
2301;
2300;
2295;
2295;
2291;
2301;
2291;
2294;
2296;
2296;
2295;
2299;
2298;
2298;
2301;
2297;
2293;
2294;
2297;
2296;
2301;
2300;
2300;
2298;
2295;
2295;
2294;
2291;
2304;
2301;
2295;
2294;
2304;
2295;
2300;
2294;
2299;
2295;
2297;
2295;
2300;
2298;
2302;
2300;
2303;
2295;
2297;
2298;
2295;
2297;
2297;
2295;
2295;
2300;
2302;
2297;
2298;
2296;
2299;
2297;
2297;
2298;
2296;
2297;
2297;
2299;
2297;
2294;
2297;
2297;
2295;
2298;
2297;
2293;
2300;
2292;
2300;
2295;
2299;
2297;
2292;
2297;
2297;
2298;
2297;
2301;
2295;
2293;
2294;
2296;
2290;
2300;
2301;
2297;
2297;
2297;
2293;
2297;
2299;
2295;
2300;
2298;
2300;
2297;
2295;
2292;
2295;
2295;
2296;
2295;
2292;
2298;
2291;
2297;
2295;
2290;
2300;
2300;
2297;
2296;
2294;
2295;
2294;
2295;
2296;
2294;
2291;
2299;
2297;
2299;
2303;
2299;
2296;
2297;
2302;
2299;
2293;
2300;
2297;
2295;
2299;
2298;
2302;
2292;
2296;
2296;
2296;
2296;
2295;
2295;
2298;
2295;
2300;
2295;
2295;
2299;
2294;
2295;
2297;
2298;
2297;
2300;
2294;
2298;
2292;
2295;
2299;
2296;
2295;
2298;
2296;
2300;
2295;
2291;
2294;
2295;
2302;
2295;
2297;
2298;
2301;
2297;
2297;
2294;
2300;
2294;
2294;
2294;
2294;
2294;
2292;
2297;
2296;
2293;
2295;
2297;
2297;
2295;
2291;
2297;
2295;
2297;
2296;
2295;
2298;
2294;
2295;
2302;
2297;
2297;
2294;
2299;
2297;
2293;
2295;
2292;
2298;
2291;
2297;
2296;
2301;
2299;
2290;
2295;
2299;
2291;
2299;
2294;
2297;
2296;
2296;
2296;
2300;
2293;
2297;
2297;
2290;
2292;
2295;
2294;
2297;
2296;
2293;
2301;
2299;
2297;
2295;
2298;
2292;
2298;
2298;
2296;
2299;
2294;
2294;
2295;
2300;
2293;
2297;
2294;
2298;
2295;
2297;
2293;
2297;
2299;
2298;
2300;
2295;
2294;
2293;
2297;
2300;
2295;
2295;
2297;
2295;
2291;
2294;
2300;
2295;
2297;
2295;
2299;
2295;
2299;
2297;
2302;
2295;
2299;
2302;
2295;
2297;
2303;
2295;
2295;
2298;
2297;
2294;
2296;
2294;
2295;
2296;
2293;
2303;
2295;
2295;
2294;
2300;
2305;
2302;
2302;
2293;
2301;
2296;
2292;
2300;
2303;
2299;
2299;
2297;
2298;
2298;
2298;
2300;
2294;
2295;
2296;
2294;
2301;
2298;
2296;
2298;
2297;
2304;
2295;
2294;
2298;
2299;
2298;
2302;
2296;
2303;
2299;
2294;
2295;
2292;
2296;
2297;
2294;
2299;
2292;
2295;
2300;
2300;
2293;
2296;
2304;
2294;
2292;
2290;
2299;
2299;
2294;
2294;
2295;
2297;
2294;
2298;
2298;
2298;
2294;
2294;
2299;
2296;
2298;
2294;
2292;
2302;
2298;
2295;
2294;
2291;
2301;
2299;
2295;
2295;
2294;
2287;
2298;
2296;
2295;
2300;
2293;
2294;
2295;
2294;
2305;
2299;
2294;
2298;
2290;
2299;
2296;
2302;
2301;
2297;
2298;
2299;
2298;
2297;
2295;
2299;
2296;
2293;
2295;
2306;
2297;
2296;
2299;
2292;
2293;
2293;
2303;
2299;
2296;
2293;
2300;
2290;
2305;
2288;
2297;
2297;
2297;
2299;
2293;
2293;
2298;
2293;
2297;
2299;
2292;
2300;
2299;
2302;
2299;
2298;
2297;
2294;
2293;
2296;
2296;
2299;
2296;
2291;
2297;
2295;
2291;
2299;
2295;
2294;
2296;
2299;
2298;
2295;
2299;
2296;
2297;
2294;
2297;
2291;
2303;
2292;
2294;
2289;
2294;
2299;
2294;
2299;
2296;
2295;
2291;
2295;
2301;
2301;
2292;
2298;
2298;
2298;
2295;
2299;
2296;
2291;
2295;
2295;
2290;
2302;
2296;
2300;
2295;
2302;
2295;
2301;
2293;
2305;
2295;
2298;
2300;
2301;
2294;
2294;
2302;
2298;
2294;
2297;
2296;
2295;
2295;
2291;
2290;
2294;
2301;
2298;
2295;
2295;
2301;
2302;
2299;
2301;
2290;
2303;
2294;
2295;
2295;
2294;
2299;
2293;
2294;
2294;
2294;
2302;
2298;
2300;
2298;
2297;
2301;
2296;
2292;
2300;
2299;
2299;
2295;
2294;
2296;
2295;
2297;
2295;
2297;
2295;
2296;
2294;
2296;
2298;
2302;
2294;
2295;
2294;
2295;
2293;
2292;
2302;
2300;
2294;
2293;
2298;
2298;
2299;
2296;
2297;
2295;
2300;
2299;
2298;
2291;
2302;
2300;
2295;
2296;
2297;
2295;
2293;
2293;
2294;
2300;
2300;
2299;
2290;
2295;
2299;
2295;
2295;
2298;
2299;
2295;
2295;
2296;
2293;
2298;
2295;
2302;
2292;
2301;
2299;
2296;
2300;
2297;
2293;
2302;
2290;
2292;
2298;
2296;
2292;
2298;
2292;
2259;
2332;
2265;
2302;
2313;
2718;
2224;
2183;
1976;
2311;
2204;
2078;
2422;
1985;
2307;
2279;
3147;
2250;
1917;
2410;
2150;
3119;
2383;
2148;
2212;
2147;
2421;
2215;
1998;
2415;
2059;
2262;
2274;
2387;
2256;
1960;
2441;
2216;
2609;
2369;
2072;
2234;
2125;
2457;
2254;
1995;
1984;
2263;
2347;
2326;
2447;
2322;
2212;
2319;
2325;
2274;
2241;
2359;
2312;
2236;
2322;
2353;
2285;
2239;
2375;
2306;
2227;
2333;
2328;
2263;
2250;
2351;
2293;
2234;
2310;
2321;
2270;
2243;
2353;
2297;
2230;
2326;
2323;
2263;
2268;
2338;
2290;
2254;
2302;
2323;
2268;
2260;
2343;
2295;
2247;
2317;
2319;
2268;
2283;
2337;
2288;
2265;
2311;
2318;
2276;
2273;
2336;
2299;
2259;
2319;
2323;
2268;
2281;
2329;
2290;
2274;
2313;
2315;
2282;
2284;
2325;
2295;
2266;
2314;
2326;
2267;
2293;
2326;
2295;
2275;
2318;
2307;
2283;
2287;
2316;
2301;
2267;
2309;
2319;
2276;
2292;
2314;
2289;
2276;
2314;
2306;
2279;
2294;
2311;
2294;
2274;
2310;
2316;
2273;
2294;
2316;
2295;
2280;
2313;
2300;
2284;
2290;
2308;
2296;
2282;
2301;
2303;
2278;
2291;
2315;
2301;
2279;
2311;
2297;
2283;
2294;
2305;
2295;
2288;
2304;
2302;
2294;
2291;
2313;
2298;
2282;
2307;
2303;
2288;
2296;
2308;
2293;
2291;
2303;
2304;
2293;
2291;
2311;
2292;
2291;
2307;
2298;
2292;
2299;
2310;
2292;
2286;
2300;
2304;
2288;
2294;
2307;
2293;
2289;
2310;
2296;
2292;
2301;
2296;
2294;
2306;
2302;
2299;
2293;
2298;
2299;
2295;
2293;
2303;
2299;
2282;
2301;
2303;
2289;
2298;
2300;
2295;
2293;
2298;
2305;
2295;
2292;
2298;
2297;
2292;
2298;
2296;
2286;
2299;
2301;
2294;
2300;
2294;
2299;
2293;
2295;
2301;
2296;
2287;
2300;
2302;
2295;
2288;
2300;
2288;
2299;
2297;
2295;
2292;
2299;
2300;
2294;
2291;
2298;
2300;
2293;
2294;
2298;
2297;
2292;
2295;
2298;
2295;
2295;
2293;
2294;
2294;
2299;
2295;
2295;
2288;
2298;
2295;
2306;
2297;
2295;
2294;
2298;
2297;
2301;
2298;
2296;
2302;
2292;
2295;
2295;
2298;
2292;
2298;
2290;
2289;
2297;
2293;
2289;
2298;
2292;
2299;
2297;
2294;
2301;
2287;
2292;
2301;
2299;
2295;
2291;
2299;
2298;
2294;
2298;
2292;
2294;
2294;
2302;
2301;
2295;
2298;
2299;
2295;
2297;
2293;
2297;
2294;
2297;
2297;
2290;
2295;
2295;
2297;
2293;
2297;
2293;
2299;
2294;
2294;
2300;
2296;
2288;
2293;
2293;
2298;
2297;
2298;
2294;
2299;
2301;
2299;
2295;
2301;
2304;
2294;
2294;
2298;
2297;
2299;
2301;
2300;
2293;
2295;
2305;
2292;
2298;
2294;
2297;
2291;
2298;
2297;
2291;
2299;
2302;
2297;
2293;
2293;
2302;
2294;
2302;
2301;
2291;
2299;
2295;
2298;
2299;
2299;
2295;
2296;
2297;
2301;
2296;
2299;
2296;
2292;
2297;
2294;
2298;
2298;
2294;
2303;
2294;
2297;
2289;
2296;
2301;
2299;
2297;
2299;
2295;
2297;
2297;
2296;
2293;
2296;
2292;
2299;
2299;
2295;
2295;
2297;
2298;
2298;
2294;
2297;
2295;
2299;
2298;
2291;
2299;
2298;
2293;
2297;
2297;
2300;
2291;
2292;
2292;
2294;
2291;
2300;
2297;
2292;
2300;
2301;
2296;
2296;
2292;
2296;
2288;
2298;
2297;
2295;
2295;
2302;
2299;
2289;
2295;
2302;
2294;
2292;
2296;
2293;
2295;
2292;
2300;
2297;
2294;
2295;
2302;
2294;
2306;
2294;
2295;
2295;
2303;
2293;
2294;
2292;
2299;
2293;
2297;
2302;
2295;
2295;
2296;
2295;
2292;
2297;
2297;
2299;
2299;
2294;
2298;
2293;
2295;
2300;
2297;
2297;
2297;
2292;
2294;
2294;
2293;
2296;
2291;
2297;
2295;
2297;
2296;
2295;
2297;
2297;
2298;
2293;
2296;
2294;
2304;
2302;
2289;
2294;
2323;
2267;
2279;
2366;
2270;
2231;
2352;
2398;
2196;
2136;
2583;
2387;
1796;
2455;
2878;
1793;
1755;
3287;
2441;
970;
2775;
3669;
1088;
1808;
4039;
2864;
312;
2818;
3935;
760;
2036;
4095;
2703;
627;
2879;
3687;
433;
2207;
4095;
2591;
913;
2957;
3486;
56;
2354;
4095;
2518;
1180;
3079;
3327;
33;
2466;
4095;
2472;
1317;
3151;
3271;
33;
2530;
4095;
2454;
1373;
3182;
3247;
40;
2540;
4095;
2452;
1393;
3175;
3239;
34;
2548;
4095;
2452;
1389;
3151;
3247;
33;
2548;
4095;
2452;
1379;
3133;
3258;
33;
2545;
4095;
2455;
1336;
3109;
3276;
33;
2539;
4095;
2461;
1309;
3095;
3291;
33;
2521;
4095;
2463;
1277;
3079;
3306;
33;
2511;
4095;
2471;
1249;
3055;
3319;
33;
2500;
4095;
2478;
1246;
3047;
3331;
33;
2487;
4095;
2487;
1189;
3039;
3343;
32;
2471;
4095;
2497;
1161;
3031;
3375;
33;
2452;
4095;
2504;
1136;
3023;
3390;
32;
2430;
4095;
2520;
1112;
3015;
3405;
34;
2406;
4095;
2534;
1083;
3007;
3423;
48;
2380;
4095;
2539;
1056;
2995;
3453;
72;
2353;
4095;
2548;
996;
2983;
3479;
112;
2330;
4095;
2556;
960;
2975;
3511;
184;
2293;
4095;
2564;
924;
2966;
3547;
232;
2275;
4095;
2570;
888;
2943;
3579;
273;
2259;
4095;
2581;
850;
2942;
3613;
296;
2250;
4095;
2586;
811;
2939;
3639;
322;
2242;
4095;
2595;
765;
2939;
3687;
352;
2234;
4095;
2607;
723;
2943;
3708;
384;
2225;
4095;
2630;
680;
2951;
3731;
424;
2214;
4095;
2647;
648;
2975;
3751;
490;
2195;
4095;
2672;
616;
3007;
3775;
544;
2171;
4087;
2696;
570;
3031;
3807;
611;
2146;
4078;
2712;
569;
3079;
3846;
673;
2099;
4063;
2688;
584;
3119;
3894;
754;
2065;
4023;
2447;
664;
3119;
3845;
856;
2024;
3951;
2192;
785;
3127;
3591;
957;
1987;
3847;
2000;
912;
3110;
3247;
1057;
1954;
3734;
2017;
1048;
3061;
3187;
1160;
1945;
3623;
2046;
1176;
2986;
3117;
1243;
1975;
3495;
2060;
1288;
2916;
3053;
1329;
2007;
3380;
2077;
1392;
2862;
2983;
1409;
2051;
3255;
2103;
1488;
2798;
2922;
1489;
2095;
3157;
2125;
1562;
2759;
2847;
1554;
2121;
3053;
2145;
1624;
2726;
2781;
1629;
2164;
2959;
2160;
1696;
2702;
2717;
1691;
2195;
2879;
2176;
1760;
2670;
2647;
1763;
2219;
2815;
2182;
1813;
2649;
2587;
1826;
2234;
2757;
2188;
1864;
2627;
2535;
1888;
2241;
2708;
2184;
1920;
2606;
2494;
1931;
2246;
2679;
2185;
1963;
2578;
2463;
1970;
2255;
2647;
2180;
2008;
2563;
2439;
2002;
2260;
2614;
2178;
2044;
2535;
2420;
2030;
2269;
2595;
2170;
2080;
2511;
2404;
2045;
2286;
2565;
2163;
2111;
2499;
2391;
2063;
2293;
2550;
2165;
2138;
2475;
2381;
2073;
2309;
2515;
2164;
2159;
2463;
2367;
2091;
2319;
2490;
2178;
2173;
2450;
2363;
2103;
2336;
2462;
2177;
2193;
2437;
2343;
2118;
2350;
2431;
2192;
2206;
2434;
2334;
2129;
2348;
2418;
2207;
2218;
2422;
2322;
2152;
2358;
2396;
2215;
2227;
2412;
2311;
2173;
2346;
2378;
2219;
2232;
2412;
2292;
2195;
2343;
2367;
2234;
2241;
2410;
2293;
2207;
2340;
2362;
2229;
2252;
2389;
2287;
2222;
2337;
2357;
2239;
2262;
2375;
2276;
2237;
2333;
2348;
2236;
2269;
2369;
2274;
2246;
2328;
2345;
2233;
2279;
2362;
2278;
2250;
2326;
2335;
2238;
2292;
2351;
2279;
2255;
2325;
2329;
2243;
2297;
2336;
2281;
2262;
2323;
2319;
2252;
2300;
2327;
2276;
2263;
2322;
2315;
2252;
2302;
2327;
2282;
2267;
2326;
2305;
2256;
2309;
2322;
2277;
2269;
2334;
2304;
2262;
2310;
2321;
2277;
2276;
2331;
2296;
2266;
2308;
2319;
2273;
2282;
2329;
2284;
2278;
2309;
2319;
2278;
2286;
2326;
2286;
2283;
2310;
2307;
2269;
2293;
2323;
2281;
2283;
2312;
2307;
2271;
2293;
2322;
2289;
2283;
2309;
2310;
2267;
2306;
2319;
2286;
2278;
2311;
2306;
2274;
2297;
2311;
2290;
2282;
2310;
2303;
2281;
2303;
2310;
2286;
2284;
2318;
2297;
2275;
2307;
2311;
2285;
2289;
2312;
2287;
2275;
2311;
2313;
2282;
2292;
2321;
2290;
2281;
2310;
2303;
2284;
2292;
2319;
2282;
2281;
2308;
2309;
2287;
2296;
2320;
2286;
2285;
2315;
2303;
2279;
2289;
2313;
2285;
2284;
2309;
2308;
2279;
2303;
2316;
2285;
2286;
2307;
2308;
2276;
2300;
2315;
2283;
2282;
2315;
2301;
2281;
2297;
2311;
2290;
2284;
2308;
2304;
2281;
2302;
2307;
2287;
2283;
2309;
2304;
2287;
2295;
2306;
2290;
2287;
2308;
2303;
2287;
2298;
2306;
2291;
2287;
2303;
2302;
2281;
2300;
2314;
2292;
2289;
2307;
2302;
2287;
2298;
2310;
2292;
2285;
2309;
2295;
2284;
2302;
2303;
2299;
2290;
2303;
2301;
2285;
2295;
2299;
2296;
2293;
2308;
2294;
2292;
2304;
2303;
2290;
2298;
2303;
2295;
2287;
2293;
2299;
2291;
2294;
2295;
2295;
2297;
2298;
2306;
2286;
2299;
2302;
2295;
2291;
2297;
2298;
2293;
2294;
2297;
2296;
2296;
2297;
2299;
2290;
2298;
2299;
2301;
2292;
2291;
2296;
2292;
2297;
2298;
2294;
2294;
2294;
2302;
2291;
2303;
2300;
2300;
2295;
2295;
2293;
2299;
2300;
2301;
2304;
2295;
2299;
2295;
2300;
2295;
2294;
2307;
2297;
2300;
2297;
2302;
2297;
2302;
2299;
2301;
2287;
2299;
2300;
2300;
2293;
2300;
2300;
2289;
2300;
2303;
2296;
2291;
2300;
2299;
2295;
2295;
2302;
2295;
2293;
2299;
2302;
2297;
2296;
2301;
2302;
2292;
2302;
2303;
2299;
2291;
2296;
2290;
2298;
2297;
2298;
2296;
2293;
2301;
2294;
2295;
2295;
2295;
2303;
2291;
2306;
2295;
2297;
2295;
2299;
2292;
2292;
2296;
2296;
2293;
2297;
2292;
2296;
2299;
2301;
2295;
2289;
2300;
2294;
2290;
2294;
2301;
2298;
2298;
2297;
2298;
2293;
2306;
2298;
2295;
2294;
2303;
2291;
2293;
2297;
2295;
2292;
2292;
2296;
2295;
2300;
2295;
2296;
2295;
2299;
2296;
2295;
2293;
2302;
2302;
2296;
2299;
2301;
2293;
2298;
2305;
2298;
2293;
2303;
2299;
2291;
2290;
2300;
2295;
2295;
2300;
2297;
2291;
2295;
2300;
2293;
2299;
2299;
2295;
2294;
2301;
2299;
2300;
2286;
2303;
2308;
2293;
2295;
2299;
2298;
2293;
2292;
2299;
2299;
2295;
2299;
2296;
2292;
2292;
2304;
2302;
2291;
2300;
2299;
2296;
2292;
2301;
2295;
2289;
2302;
2300;
2297;
2294;
2303;
2299;
2288;
2300;
2303;
2295;
2285;
2297;
2295;
2281;
2302;
2303;
2292;
2290;
2302;
2295;
2286;
2299;
2305;
2291;
2290;
2303;
2302;
2287;
2298;
2306;
2290;
2292;
2306;
2294;
2287;
2295;
2301;
2296;
2295;
2298;
2300;
2293;
2295;
2301;
2294;
2297;
2300;
2301;
2286;
2298;
2300;
2292;
2296;
2303;
2302;
2287;
2300;
2304;
2295;
2287;
2303;
2296;
2285;
2299;
2305;
2293;
2292;
2300;
2300;
2284;
2298;
2302;
2294;
2300;
2303;
2294;
2285;
2297;
2300;
2295;
2293;
2300;
2297;
2299;
2295;
2303;
2293;
2292;
2300;
2296;
2291;
2297;
2299;
2290;
2297;
2298;
2301;
2292;
2299;
2303;
2297;
2291;
2301;
2299;
2293;
2293;
2299;
2295;
2290;
2303;
2303;
2291;
2297;
2299;
2298;
2291;
2299;
2299;
2296;
2297;
2302;
2291;
2292;
2304;
2298;
2292;
2299;
2302;
2292;
2294;
2309;
2293;
2290;
2294;
2298;
2295;
2289;
2303;
2294;
2291;
2301;
2299;
2296;
2293;
2304;
2297;
2291;
2295;
2303;
2296;
2288;
2307;
2300;
2284;
2300;
2315;
2280;
2284;
2323;
2308;
2263;
2303;
2344;
2259;
2262;
2352;
2310;
2237;
2309;
2358;
2270;
2233;
2340;
2350;
2216;
2253;
2403;
2305;
2159;
2357;
2434;
2159;
2205;
2494;
2311;
2054;
2400;
2516;
2070;
2171;
2591;
2294;
1971;
2453;
2567;
1992;
2167;
2663;
2256;
1926;
2519;
2569;
1931;
2204;
2719;
2200;
1920;
2588;
2522;
1908;
2270;
2678;
2159;
1994;
2586;
2437;
1980;
2307;
2579;
2162;
2096;
2527;
2344;
2103;
2333;
2451;
2199;
2215;
2429;
2260;
2254;
2352;
2270;
2260;
2380;
2270;
2174;
2439;
2357;
2082;
2335;
2537;
2133;
2077;
2626;
2363;
1895;
2417;
2702;
1971;
1998;
2818;
2364;
1716;
2491;
2835;
1840;
1923;
2971;
2372;
1576;
2541;
2967;
1730;
1854;
3103;
2387;
1433;
2577;
3087;
1645;
1779;
3215;
2418;
1308;
2597;
3199;
1564;
1723;
3303;
2443;
1208;
2615;
3291;
1504;
1667;
3367;
2465;
1129;
2617;
3351;
1464;
1642;
3407;
2481;
1080;
2627;
3389;
1441;
1628;
3428;
2497;
1049;
2621;
3407;
1440;
1618;
3423;
2513;
1042;
2615;
3407;
1458;
1608;
3396;
2535;
1048;
2596;
3399;
1490;
1597;
3373;
2551;
1065;
2582;
3372;
1528;
1592;
3333;
2588;
1096;
2563;
3357;
1568;
1587;
3302;
2594;
1128;
2543;
3319;
1624;
1585;
3271;
2599;
1168;
2523;
3287;
1669;
1592;
3238;
2603;
1210;
2507;
3261;
1704;
1597;
3206;
2599;
1264;
2484;
3223;
1745;
1600;
3179;
2582;
1304;
2463;
3183;
1768;
1621;
3143;
2567;
1346;
2441;
3159;
1788;
1658;
3103;
2550;
1402;
2417;
3123;
1805;
1685;
3063;
2533;
1456;
2410;
3090;
1824;
1714;
3027;
2522;
1498;
2399;
3062;
1846;
1755;
2982;
2511;
1536;
2396;
3026;
1860;
1793;
2951;
2517;
1571;
2388;
2982;
1875;
1818;
2900;
2507;
1609;
2390;
2950;
1905;
1850;
2863;
2503;
1640;
2386;
2911;
1924;
1876;
2823;
2497;
1676;
2379;
2871;
1952;
1903;
2799;
2485;
1708;
2374;
2831;
1979;
1920;
2763;
2482;
1737;
2381;
2799;
1996;
1940;
2730;
2471;
1766;
2369;
2764;
2029;
1956;
2706;
2454;
1805;
2370;
2734;
2042;
1965;
2686;
2444;
1848;
2362;
2697;
2070;
1996;
2655;
2432;
1876;
2355;
2671;
2083;
2006;
2637;
2418;
1904;
2341;
2650;
2100;
2019;
2614;
2413;
1937;
2334;
2626;
2112;
2050;
2591;
2407;
1965;
2326;
2613;
2134;
2057;
2573;
2399;
1985;
2321;
2589;
2144;
2080;
2555;
2393;
2008;
2318;
2570;
2155;
2097;
2527;
2393;
2043;
2312;
2555;
2159;
2112;
2502;
2387;
2059;
2312;
2533;
2174;
2128;
2486;
2381;
2086;
2306;
2510;
2185;
2142;
2467;
2377;
2088;
2308;
2499;
2192;
2154;
2447;
2370;
2105;
2302;
2478;
2205;
2164;
2439;
2373;
2115;
2309;
2465;
2214;
2176;
2430;
2366;
2133;
2302;
2446;
2228;
2189;
2415;
2366;
2143;
2301;
2436;
2231;
2187;
2409;
2359;
2160;
2298;
2423;
2236;
2194;
2401;
2354;
2167;
2298;
2414;
2243;
2203;
2389;
2353;
2183;
2300;
2405;
2243;
2212;
2388;
2338;
2194;
2303;
2392;
2251;
2217;
2382;
2331;
2196;
2309;
2391;
2248;
2227;
2376;
2325;
2214;
2306;
2379;
2257;
2231;
2369;
2323;
2215;
2300;
2370;
2262;
2240;
2358;
2324;
2230;
2305;
2368;
2258;
2249;
2351;
2313;
2236;
2303;
2361;
2266;
2255;
2346;
2317;
2239;
2307;
2351;
2266;
2257;
2339;
2310;
2245;
2302;
2343;
2278;
2262;
2338;
2311;
2251;
2308;
2339;
2266;
2271;
2333;
2313;
2252;
2297;
2334;
2274;
2276;
2333;
2303;
2263;
2301;
2325;
2268;
2277;
2317;
2306;
2263;
2308;
2321;
2278;
2274;
2322;
2302;
2277;
2302;
2321;
2279;
2281;
2324;
2302;
2275;
2297;
2317;
2297;
2286;
2312;
2298;
2281;
2296;
2309;
2289;
2285;
2315;
2295;
2287;
2298;
2303;
2289;
2285;
2304;
2296;
2287;
2296;
2303;
2284;
2298;
2311;
2291;
2296;
2301;
2305;
2291;
2300;
2297;
2289;
2304;
2297;
2298;
2288;
2303;
2294;
2290;
2300;
2308;
2284;
2292;
2309;
2293;
2279;
2303;
2306;
2287;
2296;
2311;
2294;
2281;
2305;
2312;
2283;
2290;
2310;
2301;
2277;
2299;
2311;
2285;
2292;
2317;
2292;
2279;
2303;
2314;
2286;
2288;
2311;
2299;
2272;
2304;
2311;
2276;
2287;
2318;
2296;
2271;
2305;
2318;
2275;
2283;
2324;
2300;
2273;
2305;
2312;
2281;
2286;
2318;
2303;
2277;
2317;
2319;
2275;
2290;
2324;
2300;
2269;
2306;
2319;
2274;
2283;
2317;
2303;
2259;
2305;
2321;
2279;
2282;
2323;
2300;
2267;
2308;
2323;
2279;
2278;
2316;
2303;
2263;
2301;
2322;
2276;
2276;
2320;
2299;
2267;
2299;
2324;
2283;
2278;
2329;
2307;
2268;
2297;
2323;
2287;
2278;
2317;
2309;
2271;
2292;
2320;
2282;
2276;
2313;
2308;
2273;
2296;
2318;
2288;
2277;
2318;
2309;
2275;
2293;
2319;
2288;
2276;
2306;
2313;
2279;
2292;
2319;
2290;
2276;
2312;
2307;
2272;
2293;
2322;
2295;
2278;
2311;
2316;
2278;
2287;
2320;
2295;
2276;
2306;
2306;
2275;
2285;
2322;
2292;
2280;
2304;
2318;
2283;
2290;
2316;
2291;
2279;
2307;
2315;
2283;
2293;
2312;
2299;
2276;
2302;
2305;
2285;
2291;
2314;
2299;
2275;
2300;
2312;
2284;
2282;
2317;
2297;
2282;
2302;
2311;
2287;
2287;
2310;
2301;
2285;
2304;
2316;
2287;
2287;
2308;
2307;
2280;
2294;
2316;
2281;
2283;
2317;
2304;
2274;
2294;
2314;
2280;
2280;
2311;
2304;
2276;
2296;
2318;
2288;
2274;
2315;
2309;
2271;
2300;
2321;
2289;
2279;
2316;
2302;
2273;
2301;
2321;
2287;
2276;
2316;
2304;
2283;
2300;
2311;
2287;
2284;
2314;
2305;
2275;
2297;
2321;
2278;
2286;
2307;
2305;
2268;
2303;
2314;
2287;
2281;
2311;
2307;
2279;
2298;
2316;
2281;
2281;
2310;
2303;
2278;
2293;
2321;
2288;
2280;
2317;
2299;
2278;
2299;
2318;
2286;
2287;
2313;
2298;
2277;
2301;
2311;
2287;
2286;
2312;
2301;
2278;
2301;
2316;
2287;
2287;
2310;
2304;
2277;
2299;
2310;
2287;
2287;
2313;
2296;
2277;
2302;
2311;
2280;
2287;
2309;
2295;
2283;
2302;
2308;
2281;
2296;
2314;
2294;
2283;
2303;
2310;
2287;
2290;
2312;
2297;
2285;
2303;
2305;
2285;
2289;
2311;
2297;
2280;
2305;
2304;
2283;
2294;
2311;
2289;
2284;
2307;
2308;
2281;
2301;
2306;
2286;
2292;
2306;
2305;
2282;
2293;
2305;
2291;
2291;
2306;
2303;
2287;
2294;
2307;
2293;
2285;
2299;
2307;
2284;
2297;
2305;
2297;
2287;
2301;
2301;
2288;
2292;
2306;
2298;
2288;
2298;
2303;
2291;
2297;
2300;
2297;
2293;
2294;
2303;
2294;
2296;
2303;
2294;
2297;
2298;
2297;
2299;
2290;
2297;
2302;
2291;
2289;
2300;
2300;
2297;
2290;
2306;
2296;
2284;
2301;
2309;
2292;
2288;
2309;
2293;
2285;
2301;
2305;
2287;
2291;
2308;
2303;
2276;
2306;
2304;
2289;
2287;
2311;
2301;
2284;
2300;
2309;
2293;
2282;
2312;
2301;
2276;
2300;
2309;
2286;
2281;
2317;
2299;
2273;
2304;
2317;
2288;
2280;
2319;
2304;
2275;
2302;
2314;
2277;
2283;
2313;
2300;
2272;
2303;
2311;
2287;
2281;
2310;
2303;
2267;
2299;
2313;
2283;
2287;
2314;
2303;
2277;
2301;
2315;
2279;
2281;
2317;
2301;
2273;
2300;
2315;
2283;
2285;
2313;
2303;
2273;
2303;
2316;
2283;
2283;
2321;
2300;
2272;
2295;
2318;
2278;
2280;
2311;
2301;
2284;
2300;
2316;
2283;
2282;
2317;
2299;
2271;
2299;
2320;
2289;
2281;
2316;
2300;
2271;
2294;
2315;
2287;
2281;
2316;
2311;
2267;
2300;
2329;
2286;
2271;
2329;
2307;
2266;
2300;
2327;
2275;
2274;
2321;
2307;
2281;
2298;
2305;
2288;
2292;
2293;
2296;
2311;
2295;
2273;
2331;
2313;
2242;
2306;
2374;
2239;
2239;
2395;
2321;
2165;
2343;
2423;
2171;
2222;
2477;
2277;
2116;
2413;
2439;
2096;
2249;
2539;
2217;
2081;
2489;
2429;
2025;
2296;
2574;
2163;
2073;
2535;
2401;
2002;
2324;
2577;
2145;
2080;
2547;
2391;
2009;
2326;
2559;
2160;
2090;
2515;
2403;
2046;
2283;
2542;
2225;
2088;
2451;
2453;
2092;
2210;
2531;
2300;
2049;
2393;
2516;
2125;
2120;
2543;
2389;
1993;
2331;
2597;
2156;
2029;
2561;
2470;
1944;
2270;
2671;
2176;
1945;
2573;
2551;
1889;
2216;
2745;
2199;
1864;
2594;
2620;
1848;
2166;
2807;
2217;
1793;
2599;
2681;
1816;
2111;
2855;
2247;
1736;
2602;
2737;
1796;
2072;
2895;
2271;
1688;
2588;
2783;
1785;
2026;
2299;
2299;
2296;
2297;
2289;
2295;
2303;
2300;
2294;
2295;
2299;
2298;
2298;
2292;
2294;
2299;
2290;
2295;
2298;
2295;
2295;
2291;
2298;
2294;
2294;
2301;
2292;
2298;
2300;
2297;
2298;
2293;
2299;
2291;
2299;
2299;
2298;
2294;
2294;
2296;
2297;
2297;
2294;
2309;
2302;
2295;
2296;
2294;
2298;
2295;
2297;
2295;
2298;
2296;
2296;
2292;
2298;
2299;
2301;
2293;
2295;
2299;
2293;
2297;
2297;
2297;
2301;
2294;
2298;
2293;
2300;
2294;
2293;
2298;
2290;
2298;
2297;
2298;
2292;
2294;
2299;
2296;
2300;
2297;
2294;
2294;
2294;
2298;
2295;
2295;
2294;
2293;
2300;
2294;
2297;
2296;
2296;
2300;
2296;
2299;
2298;
2294;
2302;
2295;
2297;
2296;
2302;
2296;
2295;
2300;
2298;
2290;
2294;
2295;
2294;
2297;
2293;
2299;
2295;
2302;
2299;
2297;
2293;
2295;
2300;
2294;
2294;
2295;
2297;
2295;
2300;
2298;
2296;
2295;
2300;
2298;
2303;
2293;
2298;
2297;
2298;
2291;
2301;
2294;
2293;
2297;
2298;
2294;
2300;
2294;
2292;
2298;
2297;
2302;
2296;
2295;
2293;
2295;
2303;
2294;
2300;
2293;
2297;
2296;
2300;
2300;
2299;
2296;
2295;
2293;
2298;
2290;
2299;
2294;
2299;
2301;
2292;
2299;
2297;
2298;
2299;
2297;
2296;
2297;
2297;
2292;
2297;
2296;
2298;
2294;
2298;
2297;
2299;
2293;
2291;
2298;
2295;
2298;
2301;
2293;
2296;
2295;
2298;
2300;
2289;
2297;
2297;
2298;
2297;
2295;
2299;
2298;
2295;
2297;
2295;
2300;
2293;
2297;
2297;
2293;
2294;
2295;
2296;
2300;
2292;
2298;
2292;
2296;
2295;
2300;
2299;
2297;
2295;
2299;
2293;
2297;
2295;
2296;
2299;
2299;
2296;
2303;
2290;
2302;
2293;
2301;
2298;
2295;
2295;
2298;
2291;
2294;
2293;
2297;
2298;
2295;
2295;
2298;
2302;
2298;
2289;
2294;
2296;
2299;
2296;
2293;
2295;
2296;
2296;
2298;
2288;
2296;
2296;
2309;
2298;
2293;
2294;
2295;
2290;
2297;
2295;
2293;
2299;
2299;
2297;
2296;
2290;
2296;
2294;
2299;
2293;
2298;
2295;
2292;
2292;
2296;
2295;
2294;
2298;
2297;
2297;
2298;
2295;
2299;
2297;
2292;
2296;
2294;
2298;
2300;
2297;
2291;
2296;
2296;
2295;
2299;
2293;
2296;
2300;
2296;
2294;
2297;
2295;
2298;
2298;
2294;
2291;
2296;
2295;
2298;
2299;
2296;
2297;
2289;
2295;
2295;
2302;
2296;
2299;
2301;
2291;
2293;
2295;
2294;
2294;
2297;
2295;
2297;
2294;
2299;
2297;
2291;
2293;
2302;
2298;
2293;
2294;
2293;
2298;
2295;
2299;
2293;
2301;
2294;
2300;
2296;
2297;
2295;
2294;
2296;
2300;
2297;
2292;
2297;
2292;
2295;
2299;
2294;
2299;
2292;
2293;
2302;
2296;
2298;
2297;
2294;
2295;
2298;
2300;
2295;
2299;
2295;
2295;
2297;
2295;
2295;
2299;
2295;
2304;
2299;
2298;
2292;
2295;
2295;
2292;
2288;
2295;
2297;
2300;
2290;
2298;
2295;
2297;
2296;
2293;
2304;
2293;
2295;
2297;
2295;
2298;
2294;
2296;
2302;
2295;
2296;
2294;
2300;
2300;
2298;
2303;
2291;
2295;
2292;
2290;
2301;
2296;
2298;
2295;
2296;
2296;
2295;
2295;
2293;
2298;
2297;
2298;
2300;
2298;
2295;
2295;
2292;
2300;
2294;
2292;
2295;
2293;
2298;
2298;
2293;
2293;
2298;
2300;
2298;
2298;
2295;
2295;
2300;
2293;
2295;
2295;
2295;
2295;
2301;
2299;
2293;
2300;
2296;
2297;
2292;
2298;
2293;
2297;
2299;
2302;
2300;
2293;
2293;
2302;
2294;
2298;
2290;
2296;
2300;
2293;
2294;
2292;
2295;
2300;
2299;
2293;
2295;
2294;
2297;
2299;
2298;
2300;
2293;
2290;
2299;
2298;
2295;
2297;
2296;
2298;
2297;
2299;
2295;
2291;
2294;
