NaN;
173065;
176400;
579442;
614618;
542536;
764253;
1047205;
279333;
404785;
516266;
689530;
831058;
1005896;
901008;
509825;
397066;
373193;
474665;
625189;
728873;
916130;
620237;
320242;
144250;
52597;
32980;
11525;
5384;
3200;
32633;
13253;
2426;
8065;
593;
244;
361;
89;
401;
229;
61;
90;
98;
65;
146;
169;
137;
218;
194;
73;
85;
370;
257;
109;
146;
298;
26;
74;
121;
61;
58;
170;
170;
2754;
73;
2465;
14760;
12893;
6125;
601;
1450;
2405;
2644;
2381;
776;
1201;
196;
400;
389;
386;
90;
26;
122;
170;
58;
130;
26;
26;
260;
130;
169;
122;
122;
178;
49;
26;
49;
370;
810;
818;
410;
218;
49;
250;
333;
596;
641;
41;
136;
389;
466;
98;
64;
170;
173;
178;
25;
26;
25;
25;
169;
130;
196;
26;
25;
32;
146;
146;
NaN;
441920;
441920;
441920;
441920;
441920;
441920;
725897;
441920;
441920;
441920;
1308673;
725897;
576865;
441920;
441920;
441920;
441920;
441920;
441920;
441920;
441920;
441920;
441920;
441920;
441920;
441920;
441920;
441920;
441920;
441920;
576865;
441920;
725897;
441920;
441920;
441920;
441920;
441920;
441920;
441920;
441920;
1308673;
441920;
441920;
441920;
441920;
441920;
441920;
441920;
725897;
441920;
441920;
441920;
441920;
441920;
441920;
441920;
441920;
441920;
441920;
441920;
441920;
441920;
441920;
441920;
441920;
725897;
441920;
441920;
441920;
441920;
441920;
441920;
441920;
441920;
441920;
441920;
441920;
441920;
441920;
441920;
441920;
441920;
441920;
441920;
441920;
441920;
441920;
441920;
441920;
441920;
441920;
725897;
725897;
441920;
441920;
441920;
441920;
441920;
441920;
576865;
441920;
725897;
576865;
441920;
441920;
441920;
441920;
441920;
725897;
441920;
441920;
441920;
441920;
441920;
441920;
441920;
441920;
441920;
441920;
441920;
441920;
441920;
441920;
441920;
441920;
441920;
NaN;
477061;
61610;
551533;
70226;
455845;
755641;
271440;
433625;
722941;
412288;
136897;
917501;
355681;
304705;
362916;
253556;
143056;
328212;
223016;
740921;
258372;
535057;
390596;
294205;
165428;
159997;
307105;
672580;
417600;
799130;
523106;
379912;
455293;
691002;
304929;
665704;
438149;
550369;
511369;
326077;
701972;
238253;
321865;
349681;
649637;
296029;
427085;
199858;
917858;
453305;
257261;
272537;
521300;
50705;
207976;
638885;
88853;
965849;
493928;
391025;
594857;
1047685;
690165;
182573;
379444;
352197;
40105;
940298;
568548;
495553;
143056;
256484;
290768;
293413;
317349;
244861;
308304;
629650;
491545;
369445;
810970;
231337;
537965;
458541;
240244;
710800;
426410;
428852;
738085;
324713;
807853;
617185;
853333;
409421;
799784;
159930;
576260;
105965;
320500;
975274;
992785;
480820;
422497;
720749;
156020;
282932;
501805;
666256;
129028;
472113;
243560;
179317;
78741;
285977;
424265;
531585;
245072;
418340;
396916;
202725;
345141;
896072;
433364;
231464;
668468;
557136;
788957;
NaN;
358970;
242794;
240194;
274514;
152021;
419605;
306434;
314813;
203410;
48394;
400970;
400970;
187930;
48394;
389149;
790568;
453985;
187930;
50994;
272914;
521458;
87754;
699449;
400970;
269314;
538925;
61074;
66274;
256373;
314813;
157540;
81754;
153610;
152021;
121010;
153610;
314813;
48394;
240194;
306434;
66274;
831008;
81754;
240194;
270314;
561445;
739748;
314813;
284693;
790568;
306434;
109301;
314813;
211874;
284693;
389090;
240194;
750269;
153610;
208400;
153610;
240194;
494426;
311053;
153610;
500698;
897425;
513925;
369050;
167290;
270314;
844805;
427129;
400970;
187930;
103393;
187930;
746069;
284693;
61074;
242794;
274514;
9914;
240194;
1032705;
174260;
153610;
695249;
270314;
306493;
314813;
274514;
240194;
187930;
270314;
48394;
537386;
302633;
203410;
257237;
695249;
336293;
242794;
115130;
176081;
98253;
284693;
274514;
397728;
274514;
313945;
149045;
62074;
284693;
39481;
1048554;
187930;
536386;
48394;
284693;
270314;
153610;
306434;
240194;
152021;
167290;
129761;
NaN;
258570;
123296;
251001;
371186;
1047490;
593476;
437648;
285485;
133200;
675425;
59585;
106794;
586433;
447156;
362153;
358740;
246602;
192085;
292725;
548945;
617290;
184817;
534425;
251290;
424021;
393250;
292210;
496277;
254770;
570609;
310913;
33113;
684281;
1033493;
258373;
641834;
542196;
256042;
269845;
511492;
514553;
302317;
237010;
217178;
505525;
107497;
84761;
113161;
460717;
370708;
177480;
89690;
148996;
439661;
394426;
521397;
219961;
418185;
207378;
151209;
428276;
126450;
761888;
472693;
443556;
319661;
564778;
205585;
121426;
382765;
170064;
142676;
465764;
233041;
317840;
259837;
63136;
673700;
220525;
66097;
753805;
432769;
29929;
111989;
405730;
35705;
229730;
308896;
767113;
131405;
187970;
222370;
339325;
309136;
220525;
453028;
117130;
660301;
422298;
621325;
638180;
268613;
197072;
99514;
71200;
298469;
282145;
356850;
486820;
136900;
235225;
202618;
126450;
251290;
197194;
268613;
306765;
498641;
207818;
465800;
298962;
435496;
187272;
29929;
495616;
141665;
62600;
