2353
2353
2349
2352
2353
2351
2349
2348
2347
2351
2352
2353
2349
2351
2351
2349
2351
2348
2353
2354
2353
2351
2355
2359
2351
2353
2353
2352
2350
2352
2352
2350
2356
2351
2349
2355
2357
2347
2352
2350
2352
2354
2351
2353
2350
2349
2348
2356
2349
2357
2352
2351
2351
2350
2350
2351
2346
2352
2349
2346
2350
2351
2349
2353
2354
2353
2350
2356
2346
2351
2349
2351
2346
2353
2350
2350
2353
2352
2350
2349
2352
2351
2350
2348
2351
2350
2349
2351
2353
2348
2353
2355
2347
2355
2359
2352
2345
2347
2351
2349
2356
2349
2358
2348
2352
2349
2356
2348
2425
2343
2341
2379
2355
2482
2343
2352
2364
2339
2510
2363
2345
2329
2361
2301
2327
2330
2371
2345
2232
2370
2302
2326
2353
2369
2326
2218
2378
2364
2317
2380
2090
2310
2350
2388
2325
2337
2397
2434
2313
2358
2389
2314
2355
2385
2322
2326
2390
2357
2318
2374
2377
2319
2334
2385
2346
2319
2380
2365
2319
2359
2378
2331
2335
2379
2355
2324
2364
2375
2329
2343
2382
2346
2328
2377
2359
2325
2352
2367
2333
2337
2373
2351
2328
2361
2365
2332
2347
2370
2347
2333
2374
2358
2331
2352
2368
2338
2330
2368
2348
2334
2362
2367
2335
2345
2370
2345
2337
2369
2359
2329
2351
2368
2345
2338
2366
2353
2334
2359
2365
2339
2347
2360
2350
2337
2356
2354
2336
2350
2366
2341
2347
2360
2349
2335
2356
2358
2339
2351
2365
2344
2341
2359
2353
2339
2356
2361
2348
2348
2365
2348
2342
2361
2361
2345
2352
2360
2343
2344
2362
2355
2344
2351
2361
2344
2350
2361
2349
2343
2355
2358
2341
2345
2360
2345
2348
2356
2356
2345
2354
2356
2345
2348
2348
2346
2343
2353
2351
2347
2353
2355
2343
2344
2355
2353
2348
2354
2353
2349
2347
2354
2348
2347
2356
2350
2345
2350
2356
2348
2346
2355
2351
2348
2352
2359
2349
2355
2355
2348
2344
2354
2349
2344
2350
2358
2350
2349
2359
2349
2349
2351
2354
2347
2356
2353
2354
2348
2350
2351
2343
2353
2353
2348
2345
2351
2349
2353
2354
2356
2343
2348
2356
2356
2348
2347
2351
2343
2354
2355
2351
2346
2354
2351
2351
2352
2350
2350
2347
2355
2354
2351
2342
2352
2349
2348
2353
2351
2350
2350
2351
2350
2353
2354
2351
2356
2352
2353
2345
2348
2353
2346
2348
2356
2354
2350
2351
2350
2350
2350
2354
2347
2349
2356
2351
2348
2351
2354
2351
2351
2348
2350
2353
2350
2349
2351
2354
2351
2352
2350
2352
2352
2350
2350
2353
2348
2355
2345
2344
2350
2357
2348
2350
2351
2352
2347
2349
2351
2350
2354
2351
2345
2351
2353
2349
2350
2343
2355
2353
2346
2352
2353
2345
2346
2351
2349
2351
2354
2346
2355
2345
2351
2347
2351
2354
2352
2351
2350
2356
2356
2347
2351
2353
2353
2351
2348
2350
2353
2350
2345
2353
2351
2347
2349
2351
2350
2351
2351
2352
2348
2351
2351
2350
2353
2355
2349
2351
2349
2356
2347
2357
2353
2350
2347
2355
2351
2351
2351
2349
2350
2350
2347
2352
2348
2351
2346
2353
2353
2350
2352
2348
2347
2353
2350
2348
2353
2348
2346
2351
2350
2354
2346
2350
2349
2352
2354
2351
2349
2349
2351
2350
2352
2346
2353
2353
2354
2354
2353
2354
2353
2352
2351
2350
2351
2350
2347
2352
2354
2348
2354
2349
2351
2348
2349
2351
2348
2352
2357
2350
2352
2352
2349
2349
2355
2354
2350
2349
2349
2351
2356
2352
2351
2355
2351
2346
2350
2350
2349
2352
2359
2347
2353
2353
2349
2350
2351
2351
2356
2354
2350
2349
2354
2354
2350
2354
2344
2352
2348
2355
2353
2354
2355
2350
2348
2348
2351
2354
2351
2351
2353
2352
2344
2356
2353
2353
2349
2351
2349
2352
2351
2354
2346
2346
2351
2357
2349
2349
2351
2354
2355
2345
2350
2349
2347
2350
2351
2352
2353
2351
2353
2356
2350
2353
2351
2351
2349
2351
2353
2352
2353
2351
2350
2356
2349
2355
2351
2348
2345
2351
2347
2350
2350
2350
2348
2349
2351
2352
2353
2352
2355
2354
2349
2350
2351
2352
2348
2353
2352
2354
2356
2351
2348
2351
2354
2351
2346
2350
2356
2347
2349
2349
2351
2347
2351
2351
2354
2351
2350
2355
2352
2351
2353
2355
2348
2347
2354
2351
2351
2350
2346
2351
2351
2355
2354
2347
2348
2358
2351
2349
2352
2352
2353
2354
2353
2352
2354
2351
2350
2356
2347
2350
2350
2350
2354
2349
2342
2349
2353
2357
2345
2354
2355
2351
2350
2344
2351
2351
2350
2353
2347
2349
2349
2351
2351
2350
2349
2353
2353
2347
2349
2355
2347
2350
2351
2351
2355
2355
2351
2351
2351
2347
2351
2352
2351
2350
2353
2351
2351
2349
2351
2345
2350
2354
2356
2345
2347
2349
2346
2348
2348
2351
2350
2351
2355
2350
2349
2346
2343
2351
2354
2347
2352
2352
2349
2350
2352
2349
2351
2354
2351
2351
2349
2351
2353
2351
2350
2349
2350
2354
2346
2349
2351
2351
2351
2350
2348
2348
2350
2355
2351
2351
2351
2354
2351
2350
2351
2345
2350
2353
2351
2345
2353
2346
2352
2352
2348
2349
2352
2351
2347
2349
2354
2350
2352
2350
2351
2354
2347
2352
2348
2353
2350
2351
2350
2349
2347
2350
2353
2350
2349
2355
2350
2347
2351
2348
2347
2351
2355
2346
2351
2347
2352
2353
2349
2354
2354
2353
2352
2352
2350
2353
2345
2354
2351
2349
2353
2351
2346
2349
2352
2350
2355
2348
2350
2355
2348
2349
2355
2355
2348
2350
2350
2351
2353
2348
2354
2353
2354
2351
2347
2357
2345
2349
2354
2353
2352
2349
2355
2349
2350
2353
2348
2350
2351
2351
2358
2341
2357
2351
2346
2352
2355
2350
2349
2353
2351
2350
2350
2348
2351
2348
2351
2353
2350
2353
2349
2347
2354
2351
2351
2345
2357
2351
2350
2351
2349
2353
2353
2350
2354
2349
2350
2343
2348
2361
2341
2339
2375
2340
2316
2383
2381
2281
2355
2442
2297
2267
2455
2401
2198
2380
2511
2232
2235
2542
2393
2111
2435
2575
2142
2221
2630
2358
2042
2513
2585
2061
2249
2702
2281
2022
2595
2556
2005
2319
2714
2218
2055
2652
2492
1994
2392
2676
2158
2124
2662
2409
2041
2443
2605
2140
2214
2623
2340
2113
2477
2506
2158
2302
2557
2274
2215
2489
2397
2196
2396
2467
2230
2318
2478
2311
2259
2460
2387
2212
2417
2443
2241
2316
2502
2304
2220
2480
2410
2199
2370
2509
2244
2238
2521
2366
2177
2411
2506
2205
2281
2526
2329
2188
2439
2471
2198
2313
2509
2305
2225
2453
2433
2208
2358
2478
2287
2270
2445
2389
2235
2387
2426
2284
2317
2426
2340
2280
2407
2381
2289
2361
2400
2307
2319
2423
2332
2303
2399
2377
2287
2361
2421
2292
2321
2415
2351
2280
2395
2411
2277
2345
2422
2331
2279
2414
2387
2268
2359
2421
2314
2292
2423
2367
2274
2378
2410
2306
2314
2423
2347
2291
2387
2391
2302
2326
2411
2329
2315
2385
2374
2311
2354
2390
2317
2339
2378
2349
2321
2367
2371
2317
2362
2372
2337
2338
2380
2352
2317
2378
2363
2325
2348
2388
2335
2326
2387
2357
2319
2356
2383
2320
2334
2393
2347
2317
2364
2383
2313
2347
2381
2340
2321
2366
2374
2321
2353
2381
2334
2331
2382
2364
2321
2369
2371
2334
2346
2374
2348
2331
2364
2357
2339
2346
2370
2346
2339
2372
2353
2335
2358
2365
2336
2347
2364
2346
2346
2362
2356
2335
2355
2363
2341
2352
2358
2351
2331
2360
2362
2341
2352
2358
2342
2339
2362
2352
2335
2360
2359
2343
2346
2369
2347
2334
2360
2362
2330
2350
2369
2345
2338
2357
2358
2338
2361
2359
2338
2350
2364
2355
2335
2354
2362
2343
2348
2356
2346
2346
2358
2356
2342
2355
2357
2349
2349
2361
2353
2342
2355
2356
2343
2349
2355
2351
2346
2358
2348
2338
2349
2355
2346
2351
2357
2349
2349
2350
2356
2344
2351
2353
2354
2348
2352
2350
2346
2353
2354
2346
2350
2354
2351
2347
2351
2351
2356
2348
2355
2340
2349
2353
2348
2346
2351
2353
2349
2347
2354
2345
2347
2354
2353
2345
2351
2348
2347
2349
2353
2352
2353
2355
2353
2349
2350
2349
2351
2345
2361
2351
2345
2351
2350
2346
2349
2359
2349
2346
2351
2352
2349
2353
2360
2352
2348
2354
2354
2349
2348
2351
2348
2347
2355
2351
2349
2351
2351
2350
2353
2361
2350
2350
2355
2347
2347
2347
2352
2348
2354
2356
2348
2346
2349
2351
2349
2350
2358
2351
2346
2351
2350
2353
2349
2354
2353
2350
2354
2351
2345
2348
2350
2350
2357
2348
2353
2348
2352
2354
2353
2349
2353
2353
2354
2355
2350
2350
2352
2353
2348
2349
2351
2349
2351
2354
2347
2351
2355
2356
2347
2353
2354
2351
2346
2352
2348
2349
2353
2349
2349
2349
2353
2353
2353
2350
2353
2350
2350
2351
2350
2343
2350
2351
2353
2348
2357
2353
2351
2351
2354
2345
2353
2351
2352
2351
2354
2350
2352
2350
2352
2352
2352
2352
2358
2349
2349
2351
2347
2350
2348
2356
2345
2348
2351
2347
2348
2352
2350
2348
2351
2363
2346
2351
2354
2352
2349
2355
2354
2352
2348
2357
2353
2352
2348
2359
2349
2353
2352
2346
2344
2348
2354
2351
2353
2356
2349
2349
2356
2351
2354
2349
2353
2346
2349
2355
2350
2349
2347
2353
2342
2354
2351
2352
2349
2355
2354
2351
2357
2357
2346
2349
2355
2343
2352
2348
2351
2343
2355
2350
2349
2348
2353
2351
2349
2354
2351
2343
2349
2356
2348
2346
