1121;
2925;
2742;
1240;
2410;
3207;
1434;
1989;
3375;
1665;
1682;
3359;
2068;
1433;
2650;
2357;
2200;
2246;
2325;
2247;
2417;
2249;
2327;
2316;
2249;
2348;
2273;
2332;
2263;
2343;
2307;
2349;
2289;
2282;
2364;
2308;
2345;
2227;
2361;
2314;
2255;
2476;
2206;
2343;
2322;
2255;
2419;
2188;
2377;
2307;
2241;
2372;
2212;
2342;
2280;
2250;
2358;
2284;
2279;
2272;
2303;
2315;
2335;
2237;
2348;
2242;
2311;
2286;
2294;
2270;
2260;
2329;
2295;
2326;
2263;
2242;
2255;
2290;
2358;
2287;
2295;
2297;
2346;
2247;
2379;
2207;
2337;
2276;
2314;
2335;
2191;
2301;
2295;
2258;
2899;
2343;
1288;
2948;
2823;
1233;
2556;
3231;
1312;
2138;
3335;
1552;
1804;
3407;
1992;
1477;
3207;
2402;
1209;
2931;
2861;
1152;
2650;
3071;
1344;
2226;
3261;
1700;
1844;
3339;
2033;
1405;
3239;
2395;
1256;
3045;
2804;
1218;
2552;
3135;
1315;
2249;
3388;
1601;
1813;
3431;
1878;
1473;
3287;
2336;
1273;
2975;
2804;
1187;
2567;
3167;
1235;
2285;
3325;
1536;
1878;
3315;
1934;
1504;
3270;
2331;
1186;
3023;
2693;
1176;
2667;
3086;
1298;
2251;
3287;
1553;
1801;
3367;
1909;
1688;
2655;
2340;
2219;
2303;
2245;
2257;
2345;
2233;
2338;
2254;
2324;
2327;
2292;
2345;
2226;
2348;
2223;
2292;
2303;
2284;
2333;
2321;
2272;
2354;
2311;
2263;
