2492;
2211;
2056;
1938;
1016;
2358;
2901;
2950;
2170;
3303;
2644;
1228;
2456;
2689;
1657;
2526;
2819;
2433;
2665;
2027;
2306;
2391;
2463;
2713;
2930;
2028;
2448;
2351;
2122;
2626;
2303;
3007;
2560;
2320;
2383;
2440;
2699;
2208;
2772;
2912;
1889;
2396;
2861;
2079;
2557;
2821;
2570;
2276;
2330;
2969;
2108;
2203;
2907;
2217;
2373;
2476;
2544;
2516;
2131;
2782;
2479;
2091;
2749;
2446;
2424;
2404;
2451;
2752;
2105;
2407;
2829;
2199;
2399;
2583;
2574;
2351;
2254;
2842;
2389;
2152;
2841;
2490;
2257;
2470;
2599;
2527;
2175;
2657;
2666;
2134;
2554;
2633;
2385;
2415;
2467;
2724;
2274;
2362;
2797;
2327;
2355;
2616;
2538;
2428;
2301;
2699;
2502;
2209;
2687;
2556;
2339;
2457;
2562;
2562;
2259;
2550;
2687;
2244;
2477;
2640;
2430;
2387;
2476;
2652;
2370;
2350;
2714;
2437;
2327;
2566;
2560;
2428;
2368;
2619;
2545;
2263;
2579;
2597;
2364;
2453;
2553;
2551;
2343;
2470;
2669;
2337;
2414;
2633;
2473;
2395;
2477;
2608;
2434;
2350;
2643;
2504;
2341;
2540;
2566;
2446;
2382;
2572;
2559;
2318;
2521;
2604;
2392;
2428;
2554;
2547;
2386;
2456;
2636;
2411;
2385;
2603;
2506;
2393;
2468;
2584;
2460;
2370;
2585;
2537;
2364;
2502;
2567;
2459;
2401;
2531;
2570;
2370;
2475;
2604;
2430;
2418;
2541;
2542;
2409;
2444;
2598;
2454;
2390;
2563;
2520;
2409;
2462;
2567;
2488;
2390;
2546;
2541;
2394;
2480;
2562;
2480;
2418;
2510;
2560;
2408;
2445;
2586;
2469;
2413;
2520;
2540;
2434;
2442;
2568;
2489;
2407;
2523;
2534;
2438;
2447;
2529;
2514;
2417;
2484;
2551;
2441;
2447;
2529;
2512;
2436;
2467;
2551;
2473;
2429;
2532;
2513;
2435;
2478;
2531;
2484;
2433;
2514;
2518;
2441;
2475;
2522;
2489;
2449;
2492;
2526;
2458;
2462;
2530;
2483;
2457;
2498;
2511;
2472;
2454;
2516;
2500;
2446;
2495;
2513;
2469;
2465;
2507;
2500;
2456;
2486;
2510;
2472;
2473;
2500;
2485;
2474;
2487;
2502;
2478;
2474;
2504;
2477;
2479;
2499;
2480;
2477;
2496;
2493;
2472;
2482;
2507;
2472;
2472;
2506;
2488;
2469;
2487;
2501;
2481;
2464;
2504;
2500;
2463;
2484;
2507;
2479;
2469;
2491;
2501;
2464;
2471;
2511;
2481;
2462;
2497;
2500;
2470;
2480;
2503;
2485;
2467;
2496;
2489;
2472;
2488;
2492;
2487;
2482;
2499;
2482;
2475;
2487;
2496;
2481;
2488;
2497;
2480;
2476;
2493;
2496;
2477;
2487;
2494;
2493;
2475;
2482;
2507;
2473;
2477;
2502;
2489;
2470;
2489;
2491;
2484;
2480;
2497;
2492;
2474;
2487;
2498;
2481;
2476;
2493;
2490;
2469;
2488;
2504;
2474;
2469;
2504;
2494;
2470;
2488;
2506;
2473;
2470;
2510;
2491;
2467;
2487;
2503;
2480;
2467;
2504;
2501;
2460;
2485;
2514;
2479;
2465;
2493;
2510;
2460;
2471;
2528;
2490;
2447;
2502;
2517;
2458;
2470;
2519;
2493;
2454;
2494;
2523;
2463;
2455;
2517;
2505;
2449;
2490;
2521;
2471;
2456;
2512;
2508;
2452;
2479;
2523;
2475;
2450;
2508;
2505;
2456;
2482;
2522;
2480;
2456;
2507;
2509;
2456;
2475;
2526;
2476;
2449;
2504;
2511;
2456;
2476;
2516;
2483;
2457;
2498;
2510;
2464;
2470;
2516;
2488;
2458;
2494;
2508;
2468;
2473;
2507;
2494;
2459;
2489;
2508;
2472;
2472;
2506;
2488;
2469;
2492;
2500;
2476;
2468;
2500;
2493;
2471;
2482;
2503;
2480;
2475;
2495;
2497;
2472;
2482;
2508;
2484;
2468;
2494;
2501;
2466;
2476;
2506;
2483;
2462;
2498;
2499;
2471;
2480;
2501;
2491;
2466;
2491;
2505;
2470;
2473;
2504;
2496;
2467;
2480;
2509;
2478;
2463;
2509;
2492;
2458;
2489;
2508;
2470;
2470;
2511;
2492;
2455;
2499;
2511;
2456;
2471;
2516;
2486;
2461;
2498;
2510;
2460;
2474;
2519;
2480;
2463;
2498;
2501;
2464;
2471;
2509;
2485;
2460;
2495;
2504;
2468;
2471;
2506;
2489;
2468;
2490;
2499;
2475;
2477;
2494;
2492;
2481;
2480;
2497;
2486;
2472;
2494;
2496;
2473;
2482;
2500;
2488;
2472;
2489;
2495;
2483;
2481;
2486;
2494;
2479;
2477;
2500;
2487;
2475;
2495;
2488;
2481;
2488;
2492;
2489;
2481;
2490;
2494;
2479;
2484;
2497;
2481;
2483;
2490;
2492;
2476;
2484;
2495;
2482;
2478;
2494;
2487;
2474;
2484;
2492;
2487;
2471;
2495;
2493;
2475;
2486;
2505;
2486;
2471;
2487;
2502;
2474;
2482;
2497;
2472;
2519;
2470;
2440;
2534;
2540;
2370;
2480;
2645;
2411;
2341;
2633;
2585;
2259;
2486;
2718;
2389;
2268;
2668;
2626;
2222;
2460;
2761;
2407;
2232;
2668;
2675;
2209;
2371;
2845;
2436;
2119;
2721;
2757;
2105;
2378;
2914;
2393;
2094;
2732;
2770;
2108;
2368;
2901;
2422;
2096;
2703;
2776;
2146;
2327;
2874;
2478;
2095;
2658;
2776;
2196;
2307;
2832;
2514;
2131;
2595;
2799;
2239;
2277;
2820;
2536;
2122;
2581;
2809;
2242;
2275;
2826;
2543;
2115;
2586;
2799;
2239;
2279;
2792;
2571;
2135;
2551;
2791;
2289;
2266;
2765;
2564;
2181;
2533;
2746;
2333;
2296;
2709;
2572;
2233;
2499;
2709;
2376;
2320;
2651;
2574;
2303;
2456;
2685;
2421;
2319;
2622;
2575;
2326;
2480;
2632;
2439;
2380;
2552;
2571;
2393;
2428;
2600;
2502;
2371;
2507;
2598;
2443;
2371;
2555;
2597;
2354;
2406;
2659;
2497;
2292;
2547;
2658;
2358;
2340;
2682;
2555;
2240;
2523;
2724;
2349;
2297;
2691;
2584;
2236;
2473;
2742;
2392;
2260;
2682;
2637;
2216;
2450;
2770;
2387;
2239;
2677;
2655;
2222;
2415;
2780;
2439;
2197;
2649;
2713;
2226;
2358;
2796;
2483;
2167;
2609;
2744;
2254;
2322;
2768;
2530;
2193;
2550;
2746;
2318;
2293;
2730;
2566;
2193;
2521;
2757;
2325;
2297;
2721;
2563;
2233;
2521;
2704;
2364;
2331;
2662;
2560;
2292;
2492;
2665;
2398;
2351;
2628;
2547;
2324;
2491;
2629;
2423;
2371;
2595;
2554;
2354;
2473;
2619;
2446;
2379;
2563;
2554;
2382;
2451;
2606;
2465;
2375;
2550;
2567;
2394;
2451;
2589;
2475;
2391;
2532;
2561;
2408;
2448;
2573;
2486;
2399;
2513;
2560;
2419;
2437;
2576;
2490;
2384;
2521;
2560;
2420;
2444;
2568;
2495;
2402;
2507;
2553;
2441;
2429;
2550;
2518;
2406;
2477;
2562;
2456;
2421;
2545;
2528;
2400;
2475;
2574;
2444;
2401;
2574;
2524;
2377;
2501;
2593;
2422;
2408;
2571;
2520;
2392;
2486;
2579;
2451;
2413;
2554;
2530;
2418;
2464;
2552;
2489;
2418;
2497;
2563;
2448;
2418;
2561;
2526;
2391;
2482;
2581;
2447;
2401;
2546;
2544;
2402;
2454;
2595;
2458;
2383;
2560;
2548;
2379;
2478;
2591;
2450;
2396;
2551;
2543;
2390;
2470;
2583;
2456;
2404;
2542;
2547;
2400;
2454;
2579;
2473;
2392;
2543;
2546;
2409;
2458;
2568;
2477;
2393;
2520;
2556;
2420;
2442;
2572;
2495;
2403;
2506;
2560;
2428;
2431;
2567;
2499;
2399;
2505;
2555;
2429;
2430;
2561;
2504;
2398;
2501;
2563;
2446;
2427;
2550;
2520;
2403;
2483;
2564;
2449;
2419;
2541;
2524;
2411;
2476;
2564;
2445;
2421;
2555;
2511;
2409;
2507;
2547;
2435;
2450;
2546;
2487;
2420;
2501;
2535;
2458;
2446;
2536;
2507;
2425;
2492;
2540;
2447;
2446;
2536;
2490;
2451;
2501;
2519;
2465;
2457;
2515;
2501;
2452;
2483;
2516;
2469;
2463;
2503;
2501;
2469;
2473;
2505;
2494;
2470;
2482;
2502;
2485;
2468;
2495;
2493;
2474;
2484;
2505;
2484;
2472;
2499;
2494;
2470;
2492;
2496;
2480;
2472;
2491;
2495;
2479;
2481;
2490;
2479;
2485;
2485;
2479;
2492;
2495;
2472;
2493;
2499;
2478;
2475;
2500;
2493;
2464;
2490;
2508;
2474;
2472;
2505;
2493;
2461;
2486;
2506;
2473;
2468;
2507;
2495;
2463;
2491;
2513;
2469;
2466;
2503;
2493;
2467;
2484;
2504;
2476;
2474;
2493;
2492;
2476;
2477;
2500;
2486;
2477;
2492;
2494;
2478;
2478;
2488;
2499;
2479;
2482;
2498;
2488;
2478;
2486;
2497;
2482;
2478;
2499;
2497;
2461;
2485;
2513;
2476;
2470;
2508;
2494;
2466;
2493;
2502;
2481;
2476;
2494;
2494;
2480;
2474;
2494;
2486;
2481;
2482;
2492;
2500;
2480;
2478;
2503;
2490;
2470;
2489;
2503;
2481;
2474;
2496;
2494;
2468;
2482;
2501;
2484;
2469;
2493;
2501;
2478;
2481;
2502;
2482;
2466;
2499;
2494;
2471;
2489;
2503;
2480;
2471;
2500;
2495;
2476;
2479;
2499;
2487;
2470;
2481;
2504;
2481;
2464;
2501;
2501;
2467;
2476;
2505;
2486;
2469;
2487;
2510;
2476;
2469;
2499;
2494;
2470;
2479;
2507;
2485;
2460;
2492;
2509;
2470;
2476;
2504;
2496;
2469;
2479;
2514;
2481;
2466;
2498;
2504;
2472;
2472;
2503;
2494;
2460;
2479;
2510;
2482;
2469;
2500;
2506;
2468;
2475;
2511;
2489;
2458;
2496;
2510;
2465;
2475;
2512;
2479;
2464;
2502;
2497;
2465;
2489;
2507;
2472;
2475;
2508;
2492;
2462;
2498;
2513;
2463;
2468;
2511;
2490;
2462;
2491;
2508;
2476;
2464;
2503;
2500;
2465;
2484;
2508;
2482;
2471;
2496;
2501;
2470;
2473;
2505;
2496;
2468;
2482;
2509;
2479;
2463;
2501;
2504;
2459;
2475;
2521;
2484;
2445;
2506;
2524;
2447;
2468;
2533;
2483;
2443;
2514;
2518;
2447;
2472;
2530;
2481;
2445;
2511;
2516;
2456;
2469;
2525;
2492;
2440;
2504;
2525;
2450;
2458;
2529;
2494;
2441;
2493;
2532;
2463;
2451;
2523;
2506;
2442;
2481;
2534;
2473;
2443;
2521;
2514;
2444;
2475;
2534;
2472;
2449;
2521;
2513;
2444;
2481;
2535;
2472;
2451;
2520;
2508;
2443;
2483;
2524;
2470;
2456;
2511;
2500;
2462;
2485;
2510;
2477;
2465;
2504;
2499;
2462;
2486;
2509;
2479;
2473;
2497;
2496;
2472;
2482;
2506;
2481;
2465;
2496;
2500;
2471;
2479;
2503;
2483;
2469;
2494;
2500;
2474;
2477;
2505;
2490;
2466;
2493;
2504;
2475;
2475;
2502;
2488;
2471;
2484;
2503;
2478;
2467;
2500;
2501;
2468;
2480;
2503;
2483;
2468;
2494;
2499;
2474;
2473;
2503;
2493;
2465;
2488;
2509;
2474;
2472;
2506;
2491;
2464;
2485;
2505;
2471;
2469;
2504;
2491;
2463;
2490;
2508;
2475;
2474;
2502;
2499;
2465;
2487;
2505;
2472;
2471;
2505;
2499;
2470;
2488;
2501;
2478;
2469;
2504;
2497;
2461;
2486;
2502;
2475;
2471;
2506;
2487;
2469;
2500;
2502;
2464;
2486;
2501;
2474;
2489;
2494;
2479;
2491;
2499;
2468;
2488;
2510;
2466;
2477;
2513;
2487;
2459;
2499;
2505;
2465;
2475;
2502;
2487;
2473;
2483;
2500;
2490;
2461;
2493;
2520;
2457;
2462;
2526;
2491;
2444;
2503;
2520;
2459;
2466;
2520;
2490;
2441;
2494;
2519;
2460;
2465;
2519;
2487;
2452;
2501;
2505;
2463;
2486;
2502;
2468;
2500;
2500;
2450;
2497;
2520;
2456;
2457;
2525;
2515;
2435;
2464;
2558;
2482;
2397;
2526;
2560;
2418;
2433;
2573;
2503;
2377;
2503;
2587;
2422;
2418;
2572;
2502;
2399;
2510;
2550;
2442;
2452;
2543;
2492;
2437;
2506;
2516;
2449;
2478;
2525;
2474;
2459;
2519;
2494;
2438;
2508;
2534;
2424;
2468;
2562;
2460;
2412;
2545;
2526;
2400;
2472;
2575;
2458;
2399;
2560;
2538;
2388;
2468;
2589;
2453;
2398;
2547;
2541;
2403;
2452;
2578;
2478;
2400;
2518;
2550;
2432;
2441;
2546;
2508;
2420;
2477;
2554;
2463;
2426;
2526;
2530;
2433;
2458;
2546;
2482;
2433;
2508;
2536;
2436;
2449;
2546;
2485;
2433;
2510;
2524;
2445;
2467;
2528;
2486;
2442;
2507;
2518;
2451;
2472;
2522;
2496;
2450;
2490;
2517;
2472;
2458;
2508;
2507;
2468;
2477;
2506;
2494;
2466;
2482;
2510;
2489;
2464;
2483;
2520;
2474;
2450;
2518;
2507;
2442;
2487;
2522;
2476;
2455;
2505;
2513;
2460;
2469;
2518;
2487;
2451;
2493;
2518;
2471;
2462;
2506;
2504;
2462;
2477;
2507;
2488;
2470;
2485;
2510;
2486;
2451;
2494;
2529;
2453;
2443;
2538;
2510;
2422;
2484;
2555;
2457;
2422;
2531;
2535;
2417;
2460;
2563;
2471;
2413;
2537;
2536;
2417;
2462;
2556;
2483;
2407;
2519;
2554;
2424;
2447;
2565;
2490;
2406;
2512;
2554;
2429;
2435;
2551;
2505;
2407;
2493;
2569;
2438;
2418;
2567;
2522;
2381;
2490;
2586;
2433;
2400;
2568;
2535;
2375;
2475;
2606;
2443;
2382;
2560;
2554;
2381;
2455;
2592;
2477;
2388;
2526;
2572;
2407;
2425;
2585;
2509;
2377;
2504;
2584;
2428;
2408;
2567;
2528;
2393;
2475;
2584;
2460;
2386;
2554;
2559;
2389;
2458;
2601;
2457;
2384;
2548;
2560;
2396;
2448;
2589;
2472;
2385;
2533;
2566;
2410;
2439;
2584;
2488;
2386;
2524;
2571;
2413;
2433;
2579;
2493;
2395;
2515;
2556;
2433;
2431;
2554;
2517;
2408;
2483;
2562;
2457;
2425;
2529;
2529;
2432;
2459;
2553;
2488;
2414;
2508;
2541;
2437;
2458;
2539;
2492;
2441;
2497;
2525;
2462;
2450;
2520;
2509;
2441;
2474;
2527;
2482;
2440;
2506;
2528;
2447;
2464;
2537;
2488;
2440;
2499;
2519;
2460;
2458;
2515;
2498;
2460;
2484;
2518;
2484;
2454;
2500;
2511;
2463;
2474;
2512;
2484;
2465;
2495;
2502;
2468;
2470;
2505;
2491;
2459;
2486;
2511;
2476;
2456;
2507;
2510;
2453;
2472;
2523;
2485;
2448;
2495;
2521;
2468;
2458;
2516;
2502;
2455;
2486;
2523;
2475;
2459;
2506;
2499;
2465;
2479;
2511;
2483;
2468;
2495;
2501;
2470;
2470;
2508;
2495;
2469;
2483;
2506;
2481;
2469;
2491;
2500;
2478;
2468;
2508;
2502;
2459;
2493;
2519;
2458;
2469;
2524;
2478;
2456;
2503;
2505;
2462;
2478;
2521;
2480;
2446;
2511;
2513;
2446;
2478;
2534;
2479;
2442;
2511;
2517;
2442;
2469;
2533;
2479;
2440;
2510;
2521;
2448;
2471;
2534;
2476;
2449;
2513;
2511;
2453;
2481;
2518;
2477;
2460;
2500;
2510;
2461;
2473;
2507;
2488;
2456;
2494;
2514;
2474;
2468;
2505;
2495;
2462;
2483;
2509;
2480;
2467;
2494;
2503;
2472;
2473;
2501;
2499;
2472;
2482;
2506;
2481;
2473;
2494;
2495;
2473;
2482;
2493;
2489;
2480;
2490;
2500;
2487;
2469;
2496;
2503;
2465;
2482;
2507;
2482;
2467;
2502;
2495;
2464;
2492;
2501;
2478;
2475;
2500;
2488;
2477;
2487;
2493;
2487;
2477;
2486;
2493;
2481;
2480;
2495;
2487;
2478;
2485;
2490;
2491;
2483;
2485;
2484;
2489;
2481;
2481;
2492;
2477;
2484;
2491;
2487;
2485;
2481;
2490;
2485;
2480;
2499;
2491;
2471;
2493;
2494;
2475;
2484;
2499;
2483;
2471;
2493;
2488;
2479;
2482;
2497;
2483;
2477;
2490;
2500;
2477;
2477;
2505;
2489;
2468;
2495;
2501;
2471;
2477;
2504;
2486;
2469;
2495;
2503;
2468;
2473;
2503;
2486;
2468;
2493;
2491;
2480;
2484;
2493;
2489;
2477;
2487;
2485;
2483;
2488;
2487;
2484;
2485;
2483;
2485;
2490;
2479;
2481;
2499;
2482;
2475;
2493;
2491;
2475;
2486;
2495;
2481;
2477;
2492;
2493;
2476;
2488;
2490;
2484;
2485;
2491;
2487;
2487;
2488;
2483;
2487;
2491;
2490;
2480;
2487;
2491;
2484;
2475;
2491;
2493;
2476;
2482;
2496;
2491;
2476;
2481;
2497;
2483;
2470;
2495;
2502;
2466;
2479;
2511;
2482;
2468;
2500;
2496;
2469;
2486;
2502;
2481;
2472;
2493;
2491;
2475;
2485;
2493;
2482;
2487;
2488;
2486;
2489;
2491;
2485;
2486;
2494;
2483;
2484;
2496;
2483;
2475;
2487;
2501;
2476;
2480;
2501;
2481;
2469;
2494;
2500;
2470;
2478;
2507;
2483;
2460;
2496;
2512;
2462;
2472;
2513;
2489;
2463;
2490;
2507;
2473;
2474;
2505;
2488;
2467;
2484;
2502;
2486;
2470;
2492;
2496;
2473;
2478;
2501;
2488;
2470;
2492;
2502;
2480;
2477;
2504;
2491;
2475;
2488;
2499;
2479;
2475;
2500;
2493;
2466;
2487;
2504;
2475;
2467;
2498;
2500;
2461;
2482;
2518;
2472;
2459;
2517;
2498;
2451;
2498;
2512;
2467;
2465;
2514;
2497;
2451;
2489;
2522;
2463;
2458;
2525;
2498;
2438;
2494;
2531;
2459;
2450;
2529;
2503;
2436;
2491;
2535;
2456;
2448;
2530;
2500;
2435;
2497;
2533;
2459;
2450;
2531;
2507;
2433;
2483;
2543;
2467;
2428;
2531;
2532;
2423;
2467;
2554;
2479;
2417;
2518;
2539;
2431;
2445;
2551;
2493;
2406;
2512;
2556;
2425;
2438;
2560;
2506;
2403;
2500;
2560;
2434;
2423;
2565;
2514;
2393;
2494;
2567;
2432;
2424;
2558;
2515;
2400;
2485;
2572;
2451;
2409;
2552;
2540;
2390;
2466;
2587;
2452;
2395;
2556;
2551;
2386;
2461;
2590;
2462;
2386;
2557;
2554;
2385;
2463;
2598;
2458;
2383;
2562;
2555;
2373;
2458;
2614;
2459;
2365;
2566;
2569;
2374;
2453;
2616;
2463;
2363;
2561;
2579;
2374;
2441;
2614;
2476;
2361;
2547;
2581;
2386;
2433;
2598;
2485;
2383;
2529;
2566;
2417;
2431;
2572;
2509;
2391;
2508;
2571;
2435;
2420;
2560;
2519;
2401;
2485;
2569;
2456;
2415;
2538;
2530;
2412;
2462;
2567;
2477;
2404;
2527;
2550;
2400;
2454;
2579;
2477;
2396;
2528;
2558;
2413;
2441;
2578;
2494;
2389;
2518;
2565;
2424;
2432;
2565;
2510;
2402;
2494;
2574;
2457;
2416;
2544;
2535;
2404;
2470;
2564;
2463;
2419;
2528;
2526;
2430;
2469;
2540;
2479;
2430;
2513;
2526;
2442;
2468;
2532;
2488;
2441;
2506;
2518;
2456;
2473;
2517;
2484;
2458;
2492;
2504;
2478;
2470;
2496;
2506;
2471;
2464;
2515;
2495;
2446;
2497;
2525;
2456;
2459;
2526;
2501;
2433;
2495;
2542;
2445;
2441;
2546;
2495;
2412;
2503;
2544;
2443;
2433;
2545;
2508;
2411;
2488;
2551;
2451;
2434;
2546;
2511;
2411;
2490;
2552;
2445;
2435;
2542;
2508;
2418;
2492;
2546;
2449;
2436;
2541;
2510;
2411;
2493;
2557;
2450;
2434;
2543;
2520;
2413;
2473;
2560;
2465;
2411;
2528;
2546;
2421;
2449;
2569;
2489;
2392;
2512;
2568;
2427;
2421;
2570;
2518;
2382;
2495;
2582;
2433;
2409;
2566;
2528;
2386;
2485;
2584;
2449;
2395;
2561;
2544;
2383;
2469;
2589;
2465;
2394;
2558;
2552;
2386;
2461;
2592;
2466;
2386;
2550;
2552;
2394;
2457;
2588;
2464;
2402;
2547;
2534;
2406;
2468;
2565;
2465;
2417;
2543;
2537;
2410;
2465;
2567;
2472;
2414;
2531;
2538;
2429;
2452;
2556;
2486;
2412;
2514;
2542;
2438;
2454;
2535;
2495;
2428;
2494;
2531;
2458;
2459;
2522;
2502;
2441;
2479;
2531;
2478;
2437;
2516;
2526;
2438;
2474;
2539;
2475;
2431;
2517;
2523;
2436;
2470;
2547;
2479;
2422;
2515;
2536;
2430;
2448;
2557;
2491;
2408;
2516;
2546;
2435;
2452;
2544;
2497;
2425;
2496;
2540;
2451;
2446;
2540;
2516;
2424;
2482;
2552;
2465;
2426;
2533;
2523;
2427;
2467;
2548;
2477;
2428;
2515;
2532;
2438;
2458;
2540;
2488;
2428;
2507;
2539;
2439;
2445;
2539;
2499;
2421;
2499;
2537;
2453;
2450;
2527;
2510;
2436;
2484;
2540;
2470;
2443;
2521;
2521;
2438;
2480;
2536;
2472;
2444;
2520;
2505;
2446;
2486;
2523;
2474;
2454;
2513;
2500;
2458;
2477;
2524;
2481;
2450;
2506;
2511;
2461;
2468;
2523;
2487;
2450;
2493;
2518;
2463;
2459;
2517;
2504;
2452;
2484;
2516;
2477;
2456;
2512;
2507;
2445;
2484;
2523;
2469;
2459;
2503;
2502;
2462;
2475;
2510;
2489;
2462;
2490;
2511;
2473;
2468;
2510;
2499;
2461;
2482;
2514;
2480;
2460;
2492;
2506;
2468;
2471;
2514;
2498;
2452;
2484;
2524;
2471;
2451;
2515;
2515;
2448;
2472;
2537;
2479;
2441;
2514;
2529;
2441;
2465;
2540;
2483;
2430;
2511;
2530;
2441;
2451;
2539;
2495;
2432;
2496;
2536;
2458;
2451;
2531;
2502;
2441;
2489;
2525;
2467;
2453;
2517;
2507;
2452;
2484;
2520;
2475;
2460;
2504;
2505;
2468;
2479;
2515;
2486;
2460;
2502;
2502;
2461;
2482;
2509;
2474;
2470;
2499;
2491;
2471;
2484;
2498;
2484;
2471;
2494;
2494;
2470;
2481;
2502;
2484;
2469;
2496;
2497;
2472;
2477;
2504;
2491;
2467;
2489;
2512;
2475;
2462;
2509;
2495;
2463;
2483;
2515;
2481;
2460;
2500;
2508;
2467;
2469;
2513;
2498;
2455;
2484;
2515;
2478;
2456;
2505;
2513;
2454;
2472;
2521;
2485;
2450;
2504;
2516;
2450;
2472;
2526;
2483;
2447;
2509;
2512;
2458;
2470;
2529;
2484;
2439;
2502;
2522;
2457;
2465;
2526;
2490;
2448;
2498;
2518;
2457;
2467;
2518;
2487;
2458;
2500;
2508;
2463;
2475;
2507;
2488;
2462;
2497;
2508;
2467;
2478;
2508;
2488;
2462;
2494;
2506;
2473;
2470;
2512;
2495;
2459;
2495;
2507;
2468;
2474;
2505;
2492;
2465;
2485;
2507;
2481;
2467;
2504;
2495;
2467;
2480;
2504;
2482;
2469;
2493;
2502;
2479;
2475;
2498;
2491;
2474;
2483;
2497;
2493;
2475;
2486;
2498;
2478;
2475;
2492;
2496;
2471;
2480;
2500;
2488;
2466;
2487;
2502;
2478;
2471;
2506;
2496;
2466;
2488;
2509;
2475;
2466;
2510;
2496;
2463;
2490;
2508;
2475;
2467;
2503;
2492;
2473;
2485;
2501;
2479;
2474;
2493;
2494;
2472;
2489;
2501;
2478;
2478;
2492;
2490;
2472;
2486;
2502;
2484;
2468;
2502;
2496;
2462;
2487;
2504;
2474;
2463;
2505;
2494;
2465;
2485;
2508;
2482;
2465;
2501;
2511;
2463;
2476;
2514;
2486;
2456;
2497;
2509;
2465;
2472;
2509;
2490;
2462;
2490;
2507;
2468;
2473;
2513;
2491;
2458;
2497;
2503;
2472;
2480;
2506;
2487;
2470;
2493;
2502;
2478;
2477;
2495;
2493;
2479;
2482;
2495;
2485;
2477;
2486;
2488;
2490;
2477;
2492;
2493;
2475;
2488;
2500;
2478;
2471;
2501;
2492;
2468;
2492;
2505;
2468;
2479;
2510;
2490;
2467;
2489;
2506;
2473;
2468;
2498;
2502;
2468;
2478;
2509;
2481;
2465;
2493;
2505;
2469;
2476;
2507;
2489;
2465;
2490;
2501;
2479;
2476;
2499;
2499;
2469;
2484;
2505;
2476;
2467;
2507;
2494;
2464;
2487;
2508;
2473;
2471;
2505;
2491;
2462;
2492;
2501;
2478;
2471;
2499;
2492;
2470;
2488;
2498;
2482;
2479;
2499;
2487;
2476;
2489;
2494;
2479;
2475;
2499;
2494;
2469;
2487;
2503;
2477;
2468;
2496;
2499;
2468;
2481;
2505;
2480;
2468;
2502;
2496;
2466;
2480;
2500;
2482;
2475;
2499;
2496;
2478;
2482;
2500;
2484;
2475;
2491;
2495;
2477;
2475;
2497;
2488;
2470;
2483;
2497;
2480;
2482;
2493;
2493;
2474;
2486;
2488;
2482;
2485;
2495;
2486;
2479;
2493;
2490;
2485;
2487;
2495;
2479;
2483;
2496;
2480;
2474;
2496;
2492;
2472;
2490;
2509;
2473;
2467;
2512;
2495;
2450;
2489;
2519;
2461;
2456;
2522;
2506;
2433;
2486;
2541;
2463;
2429;
2535;
2519;
2424;
2480;
2545;
2468;
2439;
2518;
2520;
2441;
2468;
2542;
2486;
2436;
2501;
2531;
2457;
2454;
2529;
2501;
2439;
2492;
2527;
2464;
2447;
2521;
2504;
2444;
2479;
2533;
2478;
2439;
2517;
2525;
2440;
2454;
2548;
2492;
2424;
2509;
2539;
2438;
2451;
2542;
2489;
2426;
2506;
2536;
2443;
2456;
2537;
2493;
2431;
2493;
2535;
2461;
2451;
2522;
2511;
2431;
2480;
2537;
2467;
2447;
2524;
2501;
2441;
2486;
2525;
2476;
2452;
2510;
2506;
2448;
2481;
2520;
2475;
2456;
2514;
2495;
2451;
2487;
2515;
2471;
2464;
2510;
2497;
2460;
2488;
2518;
2468;
2462;
2511;
2498;
2452;
2484;
2521;
2476;
2469;
2506;
2506;
2452;
2483;
2519;
2476;
2458;
2512;
2508;
2452;
2488;
2518;
2472;
2463;
2512;
2498;
2455;
2495;
2512;
2467;
2468;
2520;
2494;
2457;
2490;
2519;
2477;
2460;
2510;
2505;
2452;
2479;
2523;
2480;
2453;
2502;
2512;
2456;
2473;
2519;
2488;
2454;
2496;
2511;
2472;
2470;
2505;
2496;
2459;
2488;
2510;
2471;
2466;
2511;
2500;
2451;
2491;
2517;
2469;
2459;
2510;
2499;
2455;
2485;
2519;
2476;
2461;
2507;
2505;
2455;
2469;
2522;
2488;
2443;
2503;
2527;
2451;
2457;
2538;
2493;
2433;
2497;
2538;
2455;
2440;
2538;
2515;
2422;
2474;
2557;
2466;
2416;
2531;
2539;
2414;
2457;
2564;
2476;
2401;
2523;
2557;
2417;
2440;
2567;
2490;
2401;
2509;
2555;
2425;
2435;
2561;
2499;
2398;
2512;
2555;
2431;
2441;
2556;
2493;
2407;
2504;
2550;
2440;
2446;
2550;
2499;
2411;
2498;
2545;
2446;
2440;
2544;
2503;
2423;
2493;
2546;
2453;
2431;
2536;
2509;
2421;
2487;
2542;
2457;
2443;
2526;
2514;
2438;
2476;
2545;
2472;
2434;
2516;
2530;
2438;
2460;
2547;
2485;
2423;
2508;
2538;
2441;
2450;
2546;
2490;
2418;
2501;
2545;
2442;
2437;
2546;
2503;
2414;
2493;
2550;
2445;
2434;
2538;
2505;
2425;
2489;
2539;
2460;
2446;
2528;
2512;
2436;
2480;
2537;
2473;
2444;
2520;
2516;
2442;
2471;
2535;
2481;
2434;
2509;
2529;
2448;
2458;
2535;
2493;
2436;
2494;
2533;
2457;
2450;
2529;
2499;
2439;
2486;
2533;
2465;
2450;
2518;
2509;
2444;
2477;
2532;
2477;
2444;
2516;
2513;
2440;
2472;
2532;
2469;
2440;
2516;
2516;
2440;
2474;
2536;
2479;
2434;
2515;
2523;
2441;
2471;
2538;
2483;
2435;
2511;
2523;
2443;
2466;
2532;
2488;
2435;
2504;
2523;
2455;
2452;
2535;
2492;
2434;
2500;
2528;
2454;
2456;
2535;
2496;
2435;
2497;
2533;
2455;
2455;
2524;
2497;
2444;
2489;
2525;
2463;
2460;
2517;
2503;
2451;
2480;
2520;
2479;
2455;
2503;
2507;
2463;
2479;
2514;
2488;
2455;
2495;
2512;
2466;
2467;
2511;
2498;
2458;
2488;
2517;
2470;
2460;
2512;
2500;
2454;
2494;
2514;
2472;
2463;
2509;
2493;
2456;
2497;
2510;
2473;
2471;
2508;
2492;
2466;
2486;
2502;
2476;
2475;
2507;
2491;
2467;
2486;
2508;
2471;
2473;
2504;
2496;
2469;
2485;
2513;
2477;
2468;
2498;
2506;
2467;
2478;
2506;
2485;
2469;
2494;
2498;
2471;
2483;
2497;
2483;
2473;
2498;
2493;
2474;
2486;
2500;
2477;
2473;
2498;
2488;
2473;
2487;
2501;
2482;
2474;
2495;
2491;
2479;
2485;
2496;
2491;
2479;
2484;
2488;
2488;
2475;
2488;
2493;
2485;
2478;
2494;
2498;
2476;
2482;
2498;
2477;
2474;
2496;
2492;
2474;
2481;
2503;
2487;
2466;
2499;
2499;
2464;
2487;
2513;
2478;
2471;
2498;
2492;
2470;
2483;
2507;
2485;
2471;
2497;
2495;
2472;
2481;
2503;
2485;
2467;
2493;
2499;
2475;
2477;
2498;
2490;
2473;
2489;
2499;
2478;
2474;
2498;
2495;
2476;
2486;
2499;
2488;
2478;
2486;
2494;
2474;
2481;
2487;
2491;
2486;
2482;
2492;
2490;
2481;
2489;
2491;
2481;
2483;
2490;
2486;
2481;
2485;
2496;
2480;
2477;
2493;
2488;
2477;
2487;
2498;
2490;
2472;
2493;
2496;
2482;
2479;
2492;
2490;
2477;
2483;
2494;
2489;
2475;
2482;
2500;
2482;
2480;
2490;
2492;
2479;
2481;
2497;
2491;
2473;
2482;
2499;
2480;
2470;
2494;
2499;
2470;
2476;
2505;
2491;
2462;
2489;
2509;
2473;
2469;
2505;
2496;
2465;
2485;
2510;
2481;
2464;
2503;
2501;
2468;
2478;
2514;
2482;
2463;
2502;
2503;
2469;
2479;
2504;
2485;
2465;
2491;
2499;
2476;
2482;
2500;
2489;
2471;
2490;
2493;
2480;
2480;
2496;
2490;
2476;
2490;
2492;
2483;
2480;
2499;
2490;
2474;
2482;
2503;
2477;
2474;
2496;
2492;
2470;
2483;
2506;
2480;
2475;
2495;
2502;
2477;
2478;
2507;
2489;
2467;
2491;
2504;
2469;
2480;
2508;
2484;
2466;
2499;
2499;
2468;
2485;
2509;
2479;
2466;
2498;
2502;
2471;
2479;
2504;
2488;
2465;
2497;
2501;
2469;
2476;
2506;
2484;
2465;
2501;
2499;
2469;
2482;
2507;
2482;
2468;
2496;
2498;
2471;
2472;
2505;
2487;
2470;
2485;
2508;
2477;
2473;
2505;
2490;
2469;
2485;
2504;
2478;
2473;
2494;
2497;
2471;
2483;
2503;
2484;
2472;
2496;
2499;
2470;
2491;
2500;
2482;
2473;
2498;
2495;
2472;
2482;
2500;
2491;
2474;
2490;
2498;
2485;
2474;
2489;
2500;
2482;
2479;
2499;
2495;
2468;
2485;
2500;
2482;
2472;
2497;
2497;
2469;
2484;
2505;
2480;
2466;
2500;
2500;
2470;
2480;
2510;
2484;
2463;
2496;
2499;
2470;
2477;
2506;
2484;
2470;
2492;
2501;
2479;
2477;
2503;
2487;
2475;
2492;
2497;
2476;
2485;
2497;
2486;
2480;
2490;
2494;
2473;
2484;
2496;
2488;
2476;
2492;
2497;
2472;
2482;
2502;
2490;
2471;
2491;
2499;
2475;
2474;
2500;
2491;
2470;
2489;
2500;
2475;
2479;
2500;
2484;
2472;
2494;
2496;
2469;
2490;
2500;
2483;
2469;
2498;
2494;
2465;
2484;
2508;
2477;
2470;
2505;
2495;
2470;
2486;
2508;
2474;
2471;
2499;
2496;
2464;
2488;
2504;
2473;
2475;
2504;
2493;
2466;
2491;
2497;
2476;
2474;
2501;
2486;
2474;
2487;
2498;
2479;
2476;
2499;
2488;
2468;
2487;
2497;
2475;
2481;
2501;
2485;
2470;
2494;
2496;
2468;
2482;
2501;
2484;
2480;
2492;
2490;
2479;
2483;
2496;
2482;
2480;
2488;
2488;
2486;
2486;
2486;
2491;
2480;
2481;
2493;
2490;
2478;
2486;
2490;
2480;
2480;
2490;
2488;
2482;
2487;
2488;
2483;
2485;
2488;
2485;
2488;
2491;
2485;
2481;
2487;
2488;
2474;
2484;
2497;
2479;
2478;
2492;
2488;
2478;
2488;
2491;
2475;
2480;
2499;
2488;
2473;
2489;
2493;
2484;
2476;
2499;
2492;
2468;
2484;
2495;
2480;
2475;
2495;
2494;
2474;
2476;
2499;
2491;
2473;
2491;
2501;
2471;
2479;
2501;
2486;
2473;
2489;
2500;
2478;
2480;
2503;
2489;
2471;
2487;
2503;
2478;
2475;
2500;
2491;
2470;
2486;
2504;
2481;
2469;
2499;
2495;
2468;
2482;
2503;
2483;
2466;
2502;
2499;
2468;
2482;
2510;
2481;
2467;
2499;
2504;
2464;
2479;
2509;
2482;
2465;
2495;
2505;
2470;
2478;
2505;
2487;
2463;
2495;
2504;
2468;
2479;
2505;
2495;
2473;
2485;
2498;
2482;
2477;
2497;
2491;
2481;
2488;
2493;
2483;
2481;
2493;
2485;
2478;
2492;
2489;
2477;
2483;
2489;
2486;
2476;
2490;
2489;
2475;
2481;
2497;
2483;
2475;
2492;
2494;
2479;
2481;
2497;
2490;
2476;
2488;
2491;
2475;
2485;
2490;
2484;
2479;
2493;
2493;
2479;
2480;
2493;
2490;
2482;
2491;
2489;
2482;
2484;
2496;
2485;
2479;
2489;
2485;
2481;
2490;
2492;
2478;
2484;
2491;
2486;
2482;
2489;
2492;
2473;
2480;
2497;
2489;
2473;
2490;
2499;
2477;
2481;
2498;
2489;
2471;
2493;
2493;
2481;
2476;
2498;
2491;
2473;
2492;
2502;
2478;
2472;
2505;
2486;
2462;
2498;
2510;
2469;
2473;
2508;
2483;
2461;
2489;
2508;
2470;
2468;
2508;
2494;
2459;
2486;
2509;
2480;
2469;
2501;
2501;
2471;
2482;
2502;
2485;
2473;
2493;
2500;
2467;
2480;
2505;
2484;
2468;
2497;
2501;
2470;
2483;
2501;
2486;
2470;
2486;
2499;
2476;
2474;
2499;
2495;
2477;
2487;
2498;
2479;
2482;
2498;
2490;
2475;
2490;
2501;
2482;
2480;
2496;
2489;
2479;
2484;
2499;
2484;
2468;
2492;
2497;
2473;
2476;
2503;
2490;
2468;
2490;
2502;
2473;
2471;
2503;
2488;
2472;
2491;
2502;
2478;
2474;
2498;
2488;
2472;
2490;
2499;
2479;
2474;
2500;
2490;
2466;
2492;
2501;
2469;
2474;
2512;
2485;
2466;
2495;
2501;
2464;
2476;
2507;
2485;
2470;
2497;
2501;
2471;
2480;
2502;
2480;
2479;
2499;
2486;
2478;
2491;
2493;
2476;
2477;
2502;
2484;
2468;
2489;
2493;
2484;
2480;
2499;
2486;
2477;
2491;
2493;
2482;
2481;
2498;
2488;
2478;
2492;
2494;
2476;
2483;
2494;
2480;
2479;
2493;
2490;
2478;
2482;
2498;
2482;
2477;
2493;
2493;
2475;
2486;
2494;
2485;
2482;
2494;
2495;
2476;
2486;
2493;
2483;
2475;
2492;
2489;
2477;
2486;
2498;
2486;
2475;
2494;
2493;
2479;
2485;
2494;
2489;
2475;
2488;
2491;
2479;
2478;
2490;
2489;
2481;
2485;
2490;
2482;
2486;
2492;
2478;
2483;
2494;
2484;
2477;
2489;
2486;
2480;
2486;
2494;
2487;
2483;
2492;
2487;
2477;
2485;
2492;
2485;
2476;
2491;
2489;
2481;
2482;
2497;
2483;
2476;
2496;
2488;
2475;
2482;
2496;
2481;
2480;
2495;
2487;
2473;
2491;
2494;
2478;
2483;
2496;
2489;
2478;
2494;
2495;
2476;
2482;
2500;
2488;
2470;
2496;
2496;
2474;
2485;
2499;
2487;
2471;
2490;
2501;
2474;
2479;
2503;
2491;
2469;
2487;
2502;
2475;
2475;
2504;
2492;
2467;
2487;
2499;
2477;
2473;
2501;
2493;
2473;
2483;
2499;
2481;
2470;
2494;
2495;
2470;
2483;
2505;
2485;
2465;
2497;
2501;
2470;
2482;
2503;
2485;
2467;
2494;
2502;
2472;
2473;
2505;
2495;
2466;
2488;
2502;
2477;
2471;
2502;
2493;
2469;
2490;
2506;
2474;
2474;
2505;
2489;
2468;
2487;
2502;
2475;
2476;
2503;
2497;
2465;
2484;
2505;
2482;
2470;
2495;
2496;
2467;
2483;
2502;
2491;
2471;
2494;
2495;
2468;
2482;
2500;
2486;
2469;
2493;
2495;
2473;
2475;
2495;
2488;
2473;
2490;
2491;
2478;
2479;
2498;
2489;
2474;
2485;
2495;
2483;
2477;
2495;
2489;
2480;
2485;
2495;
2483;
2481;
2494;
2485;
2486;
2479;
2493;
2483;
2487;
2486;
2487;
2488;
2485;
2482;
2489;
2487;
2476;
2487;
2492;
2482;
2482;
2494;
2491;
2479;
2483;
2500;
2486;
2470;
2491;
2495;
2475;
2484;
2501;
2484;
2470;
2496;
2497;
2473;
2477;
2507;
2486;
2473;
2490;
2500;
2477;
2475;
2502;
2490;
2473;
2487;
2497;
2479;
2479;
2499;
2488;
2475;
2488;
2500;
2479;
2477;
2500;
2488;
2470;
2489;
2500;
2483;
2472;
2494;
2492;
2474;
2483;
2495;
2487;
2479;
2494;
2491;
2479;
2482;
2492;
2487;
2488;
2487;
2491;
2488;
2484;
2488;
2490;
2491;
2482;
2489;
2492;
2478;
2481;
2491;
2490;
2477;
2488;
2497;
2480;
2479;
2492;
2491;
2478;
2486;
2497;
2477;
2480;
2496;
2489;
2480;
2482;
2496;
2484;
2477;
2493;
2490;
2481;
2487;
2493;
2481;
2480;
2491;
2493;
2473;
2486;
2499;
2480;
2479;
2493;
2492;
2477;
2486;
2496;
2479;
2474;
2490;
2498;
2475;
2486;
2496;
2483;
2477;
2495;
2491;
2478;
2483;
2495;
2485;
2477;
2494;
2491;
2482;
2484;
2495;
2488;
2474;
2488;
2495;
2478;
2479;
2496;
2486;
2479;
2484;
2491;
2483;
2480;
2493;
2486;
2483;
2491;
2485;
2482;
2489;
2487;
2484;
2490;
2480;
2486;
2487;
2486;
2488;
2480;
2485;
2490;
2488;
2485;
2496;
2489;
2484;
2481;
2492;
2484;
2477;
2489;
2488;
2484;
2482;
2491;
2482;
2484;
2484;
2489;
2485;
2479;
2492;
2493;
2477;
2489;
2497;
2475;
2477;
2496;
2486;
2477;
2485;
2495;
2482;
2481;
2488;
2493;
2481;
2480;
2494;
2490;
2482;
2488;
2495;
2484;
2483;
2486;
2486;
2480;
2480;
2491;
2490;
2482;
2479;
2495;
2488;
2473;
2490;
2500;
2478;
2471;
2500;
2492;
2473;
2487;
2502;
2479;
2467;
2503;
2498;
2464;
2478;
2508;
2479;
2464;
2500;
2502;
2466;
2477;
2507;
2486;
2463;
2495;
2503;
2467;
2478;
2508;
2485;
2472;
2492;
2504;
2472;
2480;
2504;
2490;
2472;
2487;
2504;
2479;
2477;
2497;
2494;
2470;
2485;
2497;
2481;
2475;
2492;
2497;
2472;
2484;
2498;
2486;
2478;
2490;
2493;
2480;
2479;
2496;
2492;
2477;
2487;
2498;
2479;
2480;
2495;
2493;
2478;
2486;
2496;
2484;
2473;
2495;
2497;
2476;
2483;
2498;
2484;
2470;
2494;
2499;
2478;
2480;
2495;
2488;
2476;
2489;
2493;
2487;
2482;
2501;
2487;
2476;
2490;
2494;
2483;
2480;
2495;
2486;
2473;
2489;
2492;
2481;
2483;
2492;
2491;
2475;
2485;
2492;
2481;
2481;
2488;
2491;
2485;
2481;
2488;
2489;
2481;
2485;
2496;
2488;
2483;
2487;
2492;
2483;
2478;
2494;
2489;
2479;
2481;
2493;
2488;
2479;
2485;
2498;
2486;
2483;
2486;
2494;
2483;
2473;
2498;
2485;
2475;
2487;
2496;
2485;
2476;
2491;
2488;
2485;
2480;
2496;
2492;
2479;
2487;
2494;
2484;
2475;
2494;
2492;
2482;
2484;
2491;
2488;
2482;
2490;
2494;
2479;
2478;
2493;
2487;
2476;
2487;
2491;
2482;
2480;
2493;
2490;
2475;
2485;
2491;
2480;
2481;
2493;
2488;
2477;
2490;
2497;
2479;
2480;
2497;
2488;
2473;
2492;
2502;
2474;
2480;
2499;
2485;
2475;
2498;
2491;
2474;
2488;
2495;
2484;
2478;
2494;
2494;
2480;
2474;
2501;
2487;
2471;
2489;
2498;
2476;
2478;
2499;
2487;
2477;
2484;
2497;
2478;
2477;
2497;
2487;
2478;
2488;
2497;
2479;
2477;
2493;
2494;
2477;
2488;
2495;
2481;
2474;
2495;
2493;
2473;
2484;
2500;
2482;
2475;
2490;
2499;
2474;
2478;
2500;
2493;
2470;
2492;
2497;
2484;
2477;
2487;
2490;
2479;
2482;
2492;
2488;
2477;
2496;
2489;
2477;
2486;
2483;
2488;
2483;
2489;
2485;
2484;
2488;
2491;
2488;
2484;
2484;
2494;
2486;
2482;
2492;
2488;
2483;
2487;
2488;
2486;
2485;
2492;
2485;
2480;
2488;
2493;
2480;
2485;
2494;
2484;
2482;
2491;
2493;
2473;
2489;
2489;
2483;
2478;
2494;
2492;
2477;
2486;
2492;
2487;
2477;
2494;
2487;
2482;
2488;
2497;
2481;
2475;
2505;
2490;
2472;
2490;
2501;
2474;
2473;
2502;
2491;
2468;
2485;
2506;
2472;
2472;
2499;
2497;
2469;
2486;
2505;
2479;
2469;
2497;
2496;
2463;
2486;
2500;
2482;
2473;
2498;
2500;
2472;
2484;
2500;
2482;
2474;
2495;
2494;
2471;
2482;
2499;
2483;
2475;
2493;
2493;
2481;
2482;
2495;
2490;
2480;
2486;
2493;
2484;
2483;
2490;
2490;
2484;
2489;
2488;
2481;
2481;
2490;
2488;
2480;
2491;
2489;
2479;
2482;
2492;
2483;
2479;
2488;
2490;
2478;
2482;
2493;
2480;
2477;
2491;
2489;
2479;
2485;
2490;
2482;
2482;
2496;
2489;
2473;
2488;
2497;
2479;
2476;
2500;
2490;
2476;
2486;
2502;
2479;
2472;
2502;
2491;
2471;
2483;
2502;
2484;
2473;
2494;
2496;
2477;
2481;
2500;
2485;
2477;
2491;
2499;
2479;
2477;
2498;
2490;
2475;
2492;
2498;
2479;
2475;
2498;
2494;
2471;
2494;
2499;
2475;
2475;
2495;
2490;
2471;
2480;
2502;
2484;
2473;
2491;
2499;
2475;
2477;
2497;
2490;
2472;
2489;
2499;
2476;
2478;
2494;
2489;
2474;
2485;
2499;
2480;
2474;
2497;
2494;
2469;
2481;
2500;
2487;
2475;
2491;
2497;
2474;
2479;
2497;
2488;
2475;
2490;
2493;
2474;
2478;
2498;
2485;
2472;
2489;
2495;
2478;
2484;
2501;
2491;
2471;
2487;
2496;
2476;
2483;
2495;
2491;
2475;
2486;
2501;
2481;
2474;
2490;
2492;
2475;
2483;
2500;
2486;
2476;
2493;
2490;
2479;
2486;
2498;
2488;
2475;
2490;
2492;
2477;
2485;
2494;
2486;
2473;
2490;
2495;
2480;
2476;
2493;
2491;
2472;
2483;
2494;
2486;
2480;
2497;
2492;
2478;
2482;
2492;
2488;
2484;
2489;
2488;
2485;
2489;
2491;
2482;
2481;
2486;
2485;
2483;
2483;
2487;
2488;
2481;
2484;
2491;
2489;
2476;
2490;
2491;
2481;
2479;
2493;
2488;
2484;
2483;
2495;
2483;
2479;
2495;
2488;
2485;
2483;
2491;
2486;
2480;
2485;
2490;
2484;
2485;
2488;
2485;
2487;
2483;
2489;
2486;
2488;
2482;
2483;
2486;
2484;
2485;
2490;
2489;
2483;
2484;
2490;
2491;
2479;
2486;
2491;
2482;
2484;
2489;
2488;
2474;
2488;
2494;
2481;
2479;
2495;
2491;
2476;
2486;
2499;
2481;
2476;
2493;
2496;
2477;
2481;
2495;
2488;
2472;
2489;
2492;
2478;
2479;
2493;
2486;
2477;
2493;
2490;
2477;
2479;
2499;
2482;
2477;
2493;
2490;
2479;
2478;
2500;
2484;
2476;
2489;
2497;
2476;
2478;
2494;
2489;
2472;
2485;
2497;
2477;
2479;
2496;
2487;
2477;
2489;
2495;
2480;
2485;
2495;
2482;
2475;
2489;
2491;
2478;
2481;
2493;
2486;
2478;
2484;
2496;
2483;
2480;
2493;
2492;
2475;
2483;
2494;
2481;
2482;
2496;
2490;
2481;
2484;
2498;
2485;
2479;
2499;
2490;
2474;
2483;
2494;
2485;
2478;
2496;
2495;
2479;
2481;
2501;
2485;
2477;
2489;
2495;
2475;
2478;
2495;
2487;
2474;
2489;
2489;
2480;
2482;
2496;
2487;
2477;
2490;
2494;
2478;
2482;
2497;
2493;
2474;
2480;
2501;
2486;
2471;
2496;
2500;
2475;
2477;
2505;
2489;
2470;
2492;
2498;
2474;
2481;
2500;
2492;
2472;
2490;
2497;
2474;
2485;
2494;
2484;
2475;
2494;
2492;
2477;
2488;
2494;
2480;
2478;
2491;
2488;
2479;
2484;
2495;
2484;
2477;
2497;
2491;
2480;
2488;
2493;
2486;
2484;
2486;
2487;
2482;
2483;
2491;
2484;
2488;
2489;
2482;
2487;
2489;
2485;
2483;
2487;
2489;
2488;
2487;
2486;
2486;
2489;
2486;
2484;
2493;
2491;
2477;
2482;
2494;
2486;
2478;
2489;
2495;
2474;
2484;
2496;
2486;
2472;
2495;
2493;
2476;
2482;
2497;
2480;
2479;
2492;
2493;
2477;
2482;
2495;
2484;
2479;
2491;
2489;
2479;
2488;
2493;
2487;
2478;
2487;
2492;
2481;
2483;
2488;
2485;
2483;
2489;
2490;
2487;
2482;
2489;
2489;
2481;
2488;
2493;
2486;
2483;
2491;
2493;
2480;
2479;
2496;
2486;
2480;
2487;
2493;
2483;
2478;
2493;
2492;
2483;
2482;
2492;
2486;
2477;
2492;
2494;
2477;
2484;
2497;
2487;
2472;
2488;
2494;
2480;
2475;
2495;
2492;
2475;
2486;
2495;
2482;
2483;
2498;
2487;
2474;
2477;
2486;
2492;
2477;
2481;
2493;
2488;
2479;
2488;
2486;
2483;
2484;
2495;
2487;
2479;
2487;
2491;
2486;
2483;
2490;
2489;
2486;
2480;
2490;
2488;
2481;
2483;
2490;
2488;
2474;
2485;
2492;
2485;
2484;
2492;
2490;
2482;
2486;
2491;
2483;
2483;
2491;
2486;
2481;
2484;
2491;
2485;
2482;
2489;
2487;
2481;
2484;
2489;
2486;
2483;
2488;
2489;
2479;
2482;
2493;
2486;
2488;
2487;
2494;
2487;
2478;
2491;
2491;
2479;
2481;
2497;
2488;
2485;
2486;
2491;
2479;
2485;
2495;
2485;
2483;
2488;
2499;
2481;
2482;
2492;
2488;
2478;
2489;
2492;
2481;
2486;
2491;
2488;
2480;
2488;
2490;
2481;
2485;
2491;
2484;
2480;
2490;
2488;
2485;
2485;
2494;
2480;
2481;
2491;
2486;
2481;
2486;
2489;
2482;
2485;
2487;
2488;
2482;
2486;
2489;
2487;
2480;
2486;
2489;
2482;
2485;
2491;
2488;
2484;
2490;
2488;
2481;
2486;
2486;
2483;
2485;
2486;
2492;
2484;
2482;
2489;
2489;
2482;
2487;
2493;
2480;
2484;
2493;
2488;
2480;
2488;
2490;
2483;
2483;
2493;
2486;
2482;
2488;
2495;
2481;
2483;
2493;
2486;
2479;
2489;
2489;
2483;
2486;
2490;
2483;
2481;
2487;
2486;
2483;
2482;
2488;
2482;
2482;
2486;
2480;
2490;
2489;
2485;
2481;
2494;
2490;
2481;
2482;
2493;
2484;
2482;
2489;
2487;
2482;
2488;
2487;
2485;
2487;
2489;
2487;
2483;
2490;
2487;
2478;
2487;
2497;
2481;
2482;
2489;
2486;
2483;
2483;
2488;
2485;
2478;
2488;
2493;
2480;
2485;
2485;
2488;
2486;
2483;
2487;
2488;
2484;
2490;
2489;
2483;
2484;
2492;
2488;
2484;
2487;
2484;
2483;
2488;
2492;
2486;
2483;
2489;
2488;
2484;
2485;
2485;
2486;
2484;
2487;
2488;
2487;
2484;
2484;
2494;
2489;
2484;
2487;
2491;
2483;
2485;
2491;
2490;
2484;
2484;
2492;
2486;
2483;
2492;
2490;
2480;
2484;
2489;
2484;
2483;
2484;
2489;
2481;
2486;
2488;
2487;
2483;
2491;
2488;
2481;
2488;
2489;
2484;
2485;
2491;
2491;
2480;
2489;
2485;
2484;
2484;
2490;
2481;
2486;
2489;
2488;
2482;
2487;
2492;
2483;
2490;
2491;
2482;
2480;
2488;
2489;
2481;
2488;
2488;
2483;
2479;
2493;
2485;
2488;
2485;
2493;
2485;
2480;
2489;
2489;
2484;
2484;
2490;
2490;
2486;
2484;
2490;
2487;
2483;
2489;
2488;
2480;
2488;
2490;
2482;
2481;
2489;
2485;
2478;
2490;
2496;
2483;
2483;
2488;
2488;
2487;
2485;
2486;
2487;
2487;
2486;
2487;
2485;
2493;
2481;
2483;
2483;
2488;
2484;
2482;
2489;
2485;
2479;
2486;
2496;
2484;
2481;
2491;
2490;
2483;
2487;
2491;
2478;
2480;
2491;
2491;
2476;
2486;
2494;
2483;
2478;
2496;
2488;
2478;
2483;
2497;
2480;
2480;
2494;
2493;
2480;
2488;
2491;
2484;
2483;
2487;
2490;
2482;
2489;
2490;
2483;
2493;
2491;
2485;
2481;
2490;
2486;
2483;
2485;
2491;
2489;
2479;
2486;
2489;
2485;
2479;
2490;
2489;
2485;
2485;
2492;
2487;
2481;
2489;
2488;
2487;
2479;
2488;
2487;
2484;
2486;
2488;
2483;
2486;
2488;
2485;
2480;
2488;
2491;
2484;
2484;
2491;
2489;
2482;
2485;
2491;
2487;
2485;
2483;
2490;
2485;
2481;
2488;
2491;
2481;
2486;
2489;
2489;
2485;
2488;
2488;
2481;
2484;
2491;
2482;
2486;
2486;
2482;
2482;
2488;
2488;
2484;
2487;
2487;
2487;
2483;
2490;
2490;
2487;
2483;
2486;
2487;
2486;
2488;
2486;
2486;
2489;
2486;
2485;
2488;
2488;
2485;
2483;
2491;
2488;
2483;
2486;
2489;
2487;
2482;
2487;
2489;
2482;
2485;
2485;
2486;
2486;
2487;
2485;
2490;
2486;
2485;
2486;
2487;
2482;
2484;
2489;
2490;
2480;
2490;
2487;
2483;
2487;
2484;
2484;
2486;
2484;
2486;
2486;
2486;
2487;
2482;
2484;
2488;
2488;
2485;
2487;
2492;
2486;
2485;
2486;
2486;
2489;
2488;
2487;
2484;
2485;
2484;
2484;
2483;
2484;
2494;
2486;
2486;
2488;
2492;
2480;
2486;
2491;
2484;
2483;
2490;
2491;
2480;
2483;
2493;
2484;
2486;
2493;
2490;
2481;
2485;
2490;
2486;
2480;
2489;
2482;
2484;
2484;
2489;
2484;
2481;
2483;
2490;
2484;
2487;
2485;
2483;
2485;
2486;
2491;
2485;
2485;
2489;
2485;
2479;
2486;
2492;
2480;
2487;
2491;
2490;
2482;
2489;
2494;
2480;
2484;
2490;
2486;
2478;
2491;
2497;
2484;
2486;
2487;
2489;
2478;
2488;
2497;
2486;
2478;
2492;
2493;
2475;
2484;
2497;
2486;
2475;
2492;
2494;
2477;
2481;
2501;
2486;
2479;
2493;
2496;
2482;
2475;
2498;
2489;
2475;
2484;
2497;
2478;
2477;
2499;
2490;
2471;
2485;
2500;
2476;
2478;
2497;
2490;
2474;
2486;
2500;
2475;
2479;
2494;
2496;
2471;
2479;
2497;
2481;
2480;
2497;
2490;
2477;
2480;
2498;
2483;
2480;
2488;
2497;
2478;
2484;
2493;
2486;
2479;
2490;
2495;
2481;
2481;
2494;
2487;
2472;
2486;
2495;
2485;
2475;
2489;
2493;
2479;
2485;
2494;
2487;
2472;
2492;
2500;
2477;
2480;
2501;
2487;
2476;
2490;
2500;
2478;
2479;
2499;
2486;
2469;
2488;
2500;
2478;
2473;
2495;
2493;
2473;
2487;
2499;
2482;
2473;
2499;
2494;
2473;
2490;
2499;
2478;
2473;
2502;
2491;
2478;
2479;
2499;
2481;
2476;
2502;
2494;
2473;
2482;
2499;
2481;
2470;
2496;
2493;
2478;
2479;
2493;
2484;
2480;
2492;
2490;
2477;
2489;
2490;
2483;
2482;
2490;
2490;
2484;
2487;
2492;
2482;
2484;
2487;
2489;
2481;
2484;
2492;
2488;
2479;
2488;
2489;
2484;
2483;
2497;
2487;
2475;
2485;
2494;
2486;
2479;
2493;
2493;
2475;
2483;
2492;
2478;
2479;
2495;
2491;
2476;
2486;
2497;
2481;
2478;
2497;
2490;
2477;
2494;
2498;
2480;
2484;
2498;
2487;
2477;
2490;
2499;
2474;
2476;
2499;
2490;
2477;
2486;
2495;
2484;
2476;
2494;
2489;
2475;
2490;
2493;
2483;
2483;
2496;
2490;
2473;
2488;
2490;
2484;
2484;
2498;
2479;
2478;
2496;
2489;
2472;
2486;
2496;
2482;
2475;
2490;
2486;
2480;
2487;
2493;
2482;
2477;
2490;
2491;
2474;
2491;
2494;
2480;
2480;
2493;
2487;
2477;
2487;
2492;
2482;
2479;
2492;
2486;
2479;
2483;
2490;
2486;
2481;
2491;
2482;
2481;
2491;
2491;
2476;
2484;
2493;
2481;
2482;
2488;
2488;
2480;
2491;
2488;
2483;
2483;
2494;
2489;
2478;
2484;
2489;
2488;
2480;
2488;
2487;
2482;
2487;
2488;
2484;
2488;
2488;
2482;
2482;
2489;
2489;
2485;
2485;
2495;
2484;
2478;
2483;
2488;
2482;
2485;
2484;
2484;
2484;
2484;
2490;
2487;
2485;
2489;
2491;
2488;
2482;
2486;
2490;
2484;
2481;
2492;
2488;
2482;
2490;
2489;
2478;
2480;
2490;
2487;
2479;
2489;
2493;
2477;
2486;
2484;
2484;
2481;
2487;
2497;
2484;
2478;
2490;
2492;
2475;
2485;
2494;
2487;
2479;
2486;
2490;
2482;
2482;
2487;
2490;
2483;
2492;
2488;
2480;
2483;
2494;
2489;
2480;
2493;
2488;
2486;
2482;
2492;
2488;
2479;
2488;
2492;
2486;
2480;
2496;
2486;
2474;
2488;
2493;
2483;
2483;
2487;
2484;
2485;
2488;
2490;
2482;
2482;
2489;
2486;
2480;
2488;
2491;
2484;
2484;
2482;
2492;
2483;
2485;
2491;
2485;
2482;
2486;
2496;
2485;
2488;
2485;
2492;
2488;
2484;
2488;
2489;
2489;
2484;
2491;
2487;
2481;
2486;
2491;
2484;
2482;
2486;
2489;
2484;
2483;
2488;
2484;
2481;
2488;
2490;
2480;
2483;
2492;
2486;
2481;
2485;
2493;
2482;
2480;
2487;
2489;
2480;
2487;
2492;
2484;
2483;
2489;
2491;
2484;
2484;
2493;
2487;
2485;
2488;
2488;
2481;
2483;
2489;
2485;
2481;
2492;
2490;
2482;
2489;
2490;
2484;
2481;
2489;
2487;
2481;
2486;
2488;
2488;
2487;
2486;
2489;
2487;
2487;
2488;
2488;
2482;
2483;
2485;
2489;
2491;
2484;
2483;
2487;
2479;
2484;
2488;
2484;
2488;
2488;
2489;
2488;
2487;
2487;
2482;
2482;
2485;
2487;
2486;
2490;
2488;
2481;
2486;
2493;
2484;
2482;
2491;
2489;
2484;
2478;
2489;
2491;
2481;
2489;
2487;
2488;
2482;
2487;
2490;
2481;
2488;
2487;
2487;
2485;
2485;
2488;
2481;
2486;
2492;
2484;
2487;
2490;
2485;
2490;
2489;
2492;
2485;
2487;
2490;
2486;
2485;
2483;
2483;
2488;
2486;
2486;
2489;
2490;
2487;
2487;
2486;
2485;
2487;
2488;
2485;
2486;
2489;
2481;
2483;
2488;
2487;
2483;
2482;
2489;
2487;
2481;
2485;
2492;
2489;
2486;
2488;
2490;
2480;
2486;
2491;
2483;
2481;
2490;
2490;
2482;
2484;
2486;
2486;
2482;
2486;
2489;
2483;
2487;
2488;
2484;
2483;
2487;
2494;
2485;
2482;
2488;
2488;
2480;
2486;
2491;
2488;
2485;
2484;
2488;
2480;
2482;
2491;
2488;
2480;
2490;
2486;
2487;
2487;
2491;
2486;
2484;
2491;
2484;
2486;
2490;
2487;
2484;
2482;
2490;
2485;
2485;
2488;
2490;
2485;
2486;
2489;
2486;
2489;
2483;
2490;
2488;
2487;
2484;
2492;
2482;
2485;
2489;
2487;
2487;
2487;
2490;
2480;
2487;
2488;
2485;
2483;
2489;
2490;
2484;
2483;
2488;
2489;
2482;
2489;
2492;
2488;
2483;
2486;
2494;
2480;
2485;
2492;
2486;
2482;
2485;
2491;
2484;
2483;
2491;
2487;
2480;
2490;
2489;
2482;
2479;
2487;
2488;
2480;
2487;
2493;
2484;
2479;
2492;
2490;
2482;
2484;
2497;
2485;
2478;
2486;
2494;
2486;
2480;
2495;
2491;
2477;
2487;
2490;
2483;
2481;
2487;
2489;
2486;
2483;
2490;
2486;
2483;
2493;
2488;
2487;
2487;
2489;
2478;
2487;
2488;
2484;
2487;
2485;
2492;
2483;
2487;
2488;
2491;
2483;
2487;
2489;
2485;
2485;
2490;
2487;
2484;
2485;
2492;
2484;
2487;
2490;
2485;
2488;
2490;
2489;
2484;
2485;
2487;
2488;
2483;
2485;
2488;
2484;
2489;
2490;
2483;
2484;
2488;
2485;
2482;
2484;
2484;
2487;
2489;
2489;
2487;
2486;
2488;
2486;
2484;
2489;
2488;
2489;
2488;
2483;
2489;
2488;
2486;
2490;
2486;
2486;
2484;
2493;
2487;
2485;
2490;
2488;
2488;
2484;
2481;
2483;
2484;
2487;
2487;
2485;
2494;
2485;
2483;
2486;
2489;
2487;
2484;
2488;
2485;
2485;
2485;
2485;
2480;
2488;
2487;
2483;
2486;
2488;
2488;
2486;
2487;
2488;
2483;
2482;
2487;
2487;
2487;
2487;
2486;
2487;
2481;
2487;
2484;
2488;
2480;
2490;
2491;
2483;
2483;
2487;
2491;
2486;
2486;
2489;
2487;
2483;
2485;
2486;
2487;
2483;
2484;
2486;
2480;
2487;
2489;
2482;
2484;
2491;
2487;
2481;
2491;
2491;
2482;
2484;
2495;
2488;
2481;
2489;
2493;
2482;
2478;
2493;
2491;
2485;
2483;
2495;
2487;
2474;
2489;
2491;
2478;
2483;
2491;
2485;
2485;
2491;
2495;
2481;
2485;
2489;
2489;
2474;
2500;
2474;
2510;
2440;
2557;
2380;
2669;
1948;
1678;
2706;
2370;
2556;
2436;
2522;
2470;
2488;
2483;
2495;
2486;
2480;
2488;
2488;
2484;
2481;
2494;
2485;
2482;
2487;
2497;
2480;
2486;
2491;
2485;
2482;
2487;
2491;
2482;
2483;
2495;
2491;
2480;
2484;
2486;
2485;
2482;
2490;
2485;
2482;
2490;
2491;
2485;
2485;
2490;
2487;
2485;
2483;
2489;
2484;
2481;
2490;
2492;
2483;
2482;
2491;
2483;
2482;
2489;
2491;
2484;
2483;
2492;
2488;
2483;
2485;
2493;
2482;
2483;
2495;
2490;
2481;
2487;
2496;
2480;
2478;
2496;
2495;
2477;
2486;
2498;
2486;
2475;
2498;
2501;
2477;
2485;
2493;
2487;
2476;
2494;
2492;
2480;
2483;
2491;
2486;
2483;
2489;
2490;
2485;
2485;
2494;
2485;
2477;
2487;
2491;
2481;
2484;
2496;
2484;
2479;
2484;
2491;
2483;
2481;
2494;
2488;
2479;
2488;
2490;
2487;
2485;
2495;
2487;
2477;
2486;
2494;
2480;
2482;
2494;
2493;
2478;
2492;
2496;
2481;
2476;
2495;
2495;
2472;
2488;
2497;
2480;
2477;
2493;
2496;
2476;
2486;
2497;
2492;
2482;
2490;
2487;
2478;
2481;
2495;
2485;
2481;
2495;
2484;
2482;
2481;
2493;
2485;
2483;
2492;
2487;
2479;
2487;
2491;
2481;
2480;
2487;
2493;
2478;
2488;
2496;
2481;
2483;
2487;
2491;
2480;
2485;
2492;
2482;
2480;
2492;
2488;
2477;
2486;
2495;
2483;
2472;
2489;
2493;
2481;
2483;
2498;
2486;
2471;
2494;
2493;
2477;
2480;
2495;
2488;
2480;
2486;
2496;
2482;
2480;
2491;
2490;
2483;
2485;
2490;
2480;
2483;
2487;
2490;
2482;
2483;
2491;
2486;
2483;
2489;
2491;
2481;
2482;
2495;
2489;
2477;
2490;
2496;
2482;
2482;
2488;
2488;
2479;
2485;
2489;
2487;
2482;
2492;
2490;
2483;
2486;
2490;
2488;
2480;
2492;
2485;
2481;
2484;
2491;
2487;
2484;
2491;
2491;
2484;
2484;
2495;
2488;
2482;
2485;
2490;
2483;
2484;
2491;
2487;
2482;
2488;
2489;
2487;
2486;
2483;
2490;
2491;
2482;
2489;
2488;
2482;
2486;
2488;
2480;
2485;
2488;
2490;
2479;
2489;
2493;
2480;
2478;
2490;
2490;
2480;
2480;
2492;
2484;
2481;
2492;
2492;
2478;
2486;
2493;
2484;
2479;
2490;
2488;
2482;
2485;
2492;
2487;
2484;
2494;
2487;
2485;
2489;
2494;
2486;
2479;
2496;
2491;
2482;
2485;
2494;
2485;
2477;
2494;
2493;
2479;
2482;
2494;
2488;
2480;
2488;
2491;
2479;
2482;
2494;
2487;
2483;
2489;
2491;
2483;
2483;
2487;
2483;
2487;
2488;
2489;
2485;
2484;
2491;
2488;
2482;
2490;
2490;
2485;
2482;
2492;
2487;
2480;
2491;
2490;
2481;
2482;
2487;
2488;
2487;
2485;
2490;
2483;
2486;
2491;
2486;
2484;
2484;
2490;
2483;
2486;
2490;
2489;
2485;
2485;
2489;
2487;
2485;
2485;
2490;
2478;
2484;
2491;
2484;
2480;
2491;
2490;
2487;
2485;
2492;
2489;
2484;
2484;
2486;
2485;
2488;
2486;
2488;
2484;
2486;
2487;
2487;
2480;
2484;
2489;
2481;
2483;
2484;
2490;
2481;
2484;
2492;
2479;
2481;
2489;
2488;
2482;
2488;
2493;
2483;
2478;
2488;
2487;
2481;
2485;
2491;
2487;
2482;
2487;
2488;
2481;
2481;
2489;
2487;
2480;
2490;
2494;
2482;
2480;
2494;
2487;
2481;
2483;
2490;
2486;
2483;
2485;
2493;
2477;
2485;
2486;
2486;
2482;
2486;
2494;
2480;
2487;
2490;
2491;
2482;
2485;
2487;
2486;
2481;
2488;
2490;
2482;
2489;
2489;
2486;
2481;
2490;
2486;
2480;
2482;
2496;
2483;
2481;
2492;
2493;
2482;
2482;
2495;
2485;
2479;
2486;
2492;
2483;
2479;
2491;
2484;
2483;
2486;
2491;
2482;
2481;
2496;
2487;
2479;
2485;
2490;
2485;
2487;
2491;
2488;
2476;
2485;
2494;
2484;
2486;
2490;
2489;
2480;
2491;
2490;
2486;
2483;
2489;
2491;
2481;
2485;
2487;
2486;
2479;
2490;
2488;
2479;
2482;
2492;
2487;
2482;
2487;
2488;
2486;
2479;
2493;
2486;
2480;
2489;
2486;
2488;
2483;
2489;
2487;
2482;
2484;
2488;
2486;
2481;
2491;
2486;
2485;
2483;
2493;
2486;
2480;
2492;
2488;
2484;
2487;
2491;
2487;
2482;
2486;
2491;
2485;
2480;
2492;
2483;
2481;
2485;
2492;
2480;
2485;
2492;
2489;
2480;
2486;
2492;
2486;
2479;
2489;
2490;
2483;
2487;
2488;
2484;
2487;
2489;
2482;
2481;
2485;
2483;
2484;
2492;
2493;
2482;
2484;
2490;
2491;
2484;
2489;
2486;
2488;
2481;
2484;
2490;
2482;
2487;
2487;
2484;
2485;
2489;
2490;
2485;
2487;
2490;
2485;
2487;
2492;
2481;
2485;
2485;
2485;
2485;
2486;
2485;
2484;
2484;
2488;
2489;
2484;
2487;
2484;
2487;
2484;
2489;
2488;
2486;
2487;
2487;
2487;
2479;
2492;
2486;
2482;
2487;
2485;
2486;
2482;
2488;
2487;
2486;
2484;
2492;
2489;
2484;
2485;
2492;
2488;
2483;
2493;
2484;
2484;
2482;
2491;
2489;
2483;
2487;
2493;
2488;
2488;
2495;
2482;
2497;
2475;
2518;
2446;
2550;
2389;
2699;
1320;