Executing debug command
##START_RANGE_EST##
-15.4098;
4.8782;
-15.7187;
-13.6264;
0.4798;
8.5706;
-15.4443;
-13.5921;
-0.8538;
-1.1999;
-1.2768;
-3.7916;
-15.6844;
12.2890;
-0.4097;
-14.9982;
3.0196;
-0.5777;
-0.8154;
-3.7168;
7.4742;
16.9236;
7.5812;
-0.6401;
0.5561;
0.7623;
7.5815;
18.0256;
7.7842;
-0.8835;
0.5893;
0.6632;
0.6299;
-13.9351;
52.1389;
13.4727;
0.5270;
0.5978;
13.1939;
0.4253;
-5.6757;
7.9213;
17.4763;
-14.4496;
7.9939;
-0.7072;
9.3886;
-14.1752;
-5.6148;
8.2636;
-15.5815;
39.2187;
7.4050;
7.9901;
0.5280;
-15.5129;
11.6836;
17.2655;
7.4456;
-0.6726;
4.5658;
26.1760;
-5.4014;
7.6142;
17.6122;
7.7836;
-0.7478;
0.4519;
0.5290;
-14.6897;
7.7507;
7.9555;
0.5277;
-14.3810;
11.5791;
-1.3926;
-0.9483;
-1.2621;
39.0474;
-1.2577;
-1.4028;
-3.5538;
-15.4443;
-13.6950;
7.6154;
9.2616;
-14.7583;
11.7863;
-1.3928;
-0.9128;
9.2478;
-14.5182;
##END_RANGE_EST##
end of debug mode!
