Executing debug command
debug receiver mode is on
==========================================================\===============================================================\==========================================
##START_Nbpad is ##
Nbpad is  is 3
##END_Nbpad is ##
==========================================================\===============================================================\==========================================
==========================================================\===============================================================\==========================================
##START_Npassband is ##
Npassband is  is 2042
##END_Npassband is ##
==========================================================\===============================================================\==========================================
==========================================================\===============================================================\==========================================
##START_Ndc_baseband is ##
Ndc_baseband is  is 63
##END_Ndc_baseband is ##
==========================================================\===============================================================\==========================================
==========================================================\===============================================================\==========================================
##START_Ntaps is ##
Ntaps is  is 7
##END_Ntaps is ##
==========================================================\===============================================================\==========================================
==========================================================\===============================================================\==========================================
##START_REFSIG_DC_TIME##
0;
0;
0;
0;
0;
0;
0;
0;
0;
0;
0;
0;
0;
0;
0;
0;
0;
0;
0;
0;
0;
0;
0;
0;
0;
0;
0;
0;
0;
0;
0;
0;
0;
0;
0;
0;
0;
0;
0;
0;
0;
0;
0;
0;
0;
0;
0;
0;
0;
0;
0;
0;
0;
0;
0;
0;
0;
0;
0;
0;
0;
0;
0;
0;
0;
0;
0;
0;
0;
0;
0;
0;
0;
0;
0;
0;
0;
0;
0;
0;
0;
0;
0;
0;
0;
0;
0;
0;
0;
0;
0;
0;
0;
0;
0;
0;
0;
0;
0;
0;
0;
0;
0;
0;
0;
0;
0;
0;
0;
0;
0;
0;
0;
0;
0;
0;
0;
0;
0;
0;
0;
0;
0;
0;
586;
-561;
586;
-561;
##END_REFSIG_DC_TIME##
==========================================================\===============================================================\==========================================
==========================================================\===============================================================\==========================================
##START_REFSIG_DC_FREQ##
16;
-18;
20;
-15;
21;
-13;
22;
-9;
23;
-5;
23;
-1;
22;
3;
22;
6;
20;
8;
18;
12;
16;
14;
13;
15;
11;
16;
7;
18;
4;
18;
1;
18;
0;
17;
-3;
16;
-5;
15;
-7;
13;
-8;
11;
-9;
9;
-10;
6;
-10;
5;
-9;
3;
-9;
1;
-8;
0;
-6;
-1;
-5;
-1;
-4;
-2;
-3;
-2;
-1;
-1;
1;
0;
1;
1;
2;
3;
2;
4;
1;
5;
1;
6;
0;
7;
-2;
8;
-3;
9;
-5;
9;
-7;
9;
-9;
9;
-11;
8;
-13;
6;
-15;
4;
-16;
2;
-17;
1;
-18;
-2;
-18;
-5;
-17;
-8;
-16;
-11;
-15;
-14;
-12;
-16;
-10;
-19;
-8;
-20;
-4;
-22;
-1;
-23;
2;
-23;
5;
-23;
10;
-22;
14;
-20;
16;
-19;
##END_REFSIG_DC_FREQ##
==========================================================\===============================================================\==========================================
Waiting for file with data values
2083 values loaded.
==========================================================\===============================================================\==========================================
##START_DC_TIME##
88;
-55;
88;
-55;
20;
33;
15;
-164;
14;
-60;
101;
-39;
-39;
-204;
11;
97;
189;
-74;
-200;
-40;
89;
93;
44;
-163;
-62;
82;
213;
-10;
93;
-13;
151;
28;
-73;
-186;
64;
108;
108;
-114;
-28;
30;
136;
64;
135;
-76;
25;
170;
-24;
-53;
-139;
-14;
220;
30;
25;
-153;
-15;
229;
-6;
-27;
-41;
-36;
104;
68;
-96;
-138;
501;
308;
1023;
301;
-56;
-12;
106;
-4;
78;
-90;
-96;
-45;
178;
-195;
-184;
82;
200;
8;
-69;
-203;
-32;
151;
31;
-17;
-122;
50;
92;
45;
122;
-153;
-148;
199;
-40;
4;
-215;
-27;
-27;
194;
-27;
-88;
-43;
-19;
40;
-54;
-150;
-34;
164;
-4;
102;
-19;
-84;
77;
-10;
56;
-40;
47;
-72;
132;
17;
-33;
-46;
3;
64;
-20;
##END_DC_TIME##
==========================================================\===============================================================\==========================================
==========================================================\===============================================================\==========================================
##START_DC_FREQ##
36;
-2;
-32;
-30;
10;
-7;
-21;
6;
8;
-2;
-32;
-16;
24;
-12;
-10;
-2;
27;
2;
-20;
19;
38;
-14;
-23;
3;
17;
-1;
-21;
-6;
17;
-9;
4;
16;
4;
-17;
-6;
15;
22;
-8;
-22;
8;
2;
-30;
-13;
2;
16;
-22;
-8;
25;
3;
-19;
-4;
10;
-6;
0;
5;
3;
-9;
-3;
5;
3;
-4;
15;
3;
-3;
-2;
0;
-5;
13;
-6;
-11;
8;
-4;
-15;
1;
-2;
7;
-24;
76;
36;
-70;
20;
-2;
13;
-16;
-12;
-9;
4;
-17;
-12;
23;
2;
-3;
8;
24;
-5;
-37;
8;
24;
3;
-17;
12;
21;
1;
-7;
-9;
13;
-11;
-23;
18;
26;
-5;
-17;
7;
10;
-12;
-22;
25;
29;
-7;
-12;
34;
20;
-16;
-19;
38;
11;
-15;
10;
##END_DC_FREQ##
==========================================================\===============================================================\==========================================
==========================================================\===============================================================\==========================================
##START_CORR_FREQ##
612;
-616;
-190;
1080;
301;
17;
-516;
57;
194;
6;
-720;
400;
492;
336;
-232;
-16;
556;
176;
-132;
-582;
412;
756;
-254;
-384;
171;
283;
-255;
-336;
-94;
342;
292;
56;
-289;
68;
258;
-51;
-230;
290;
258;
-230;
-346;
-218;
135;
-99;
-292;
-124;
205;
210;
-84;
-162;
46;
86;
48;
0;
-33;
13;
48;
-6;
-26;
2;
-18;
53;
0;
-6;
-2;
0;
8;
-18;
-45;
4;
0;
40;
-10;
-76;
40;
-19;
532;
-168;
-632;
148;
-78;
174;
-209;
37;
3;
-171;
-189;
-117;
316;
157;
-44;
-27;
-24;
392;
6;
-602;
-112;
416;
-20;
-312;
-321;
318;
39;
-127;
1;
307;
487;
-191;
-632;
24;
373;
-75;
-256;
-60;
532;
176;
-692;
-546;
262;
185;
-290;
-882;
258;
542;
312;
-914;
0;
0;
##END_CORR_FREQ##
==========================================================\===============================================================\==========================================
==========================================================\===============================================================\==========================================
##START_CORR_TIME##
-3;
-2;
27;
-11;
47;
-8;
31;
-11;
32;
15;
45;
27;
38;
-1;
50;
25;
23;
23;
30;
-25;
18;
19;
-18;
13;
30;
-4;
16;
22;
16;
-23;
47;
-33;
34;
-25;
31;
18;
8;
16;
24;
-16;
23;
7;
-1;
-19;
35;
-29;
8;
-29;
-18;
-10;
-16;
34;
7;
-10;
47;
-13;
-10;
-6;
-34;
-25;
-4;
14;
0;
-15;
6;
5;
28;
-71;
121;
-278;
89;
-168;
2;
0;
33;
-11;
6;
20;
35;
21;
8;
14;
-20;
-16;
34;
6;
-15;
19;
-25;
-23;
-23;
4;
-26;
-10;
35;
-16;
-12;
-6;
-58;
-10;
-35;
28;
-60;
5;
-23;
-14;
3;
19;
9;
2;
-5;
19;
4;
0;
42;
-36;
-2;
-14;
-28;
-9;
-19;
-7;
-37;
-10;
-19;
-7;
1;
10;
##END_CORR_TIME##
==========================================================\===============================================================\==========================================
==========================================================\===============================================================\==========================================
##START_DC_TIME##
-1023;
-952;
-1023;
-952;
0;
0;
0;
0;
0;
0;
0;
0;
0;
0;
0;
0;
0;
0;
0;
0;
0;
0;
0;
0;
0;
0;
0;
0;
0;
0;
0;
0;
0;
0;
0;
0;
0;
0;
0;
0;
0;
0;
0;
0;
0;
0;
0;
0;
0;
0;
0;
0;
0;
0;
0;
0;
0;
0;
0;
0;
0;
0;
0;
0;
0;
0;
0;
0;
0;
0;
0;
0;
0;
0;
0;
0;
0;
0;
0;
0;
0;
0;
0;
0;
0;
0;
0;
0;
0;
0;
0;
0;
0;
0;
0;
0;
0;
0;
0;
0;
0;
0;
0;
0;
0;
0;
0;
0;
0;
0;
0;
0;
0;
0;
0;
0;
0;
0;
0;
0;
0;
0;
0;
0;
0;
0;
0;
0;
##END_DC_TIME##
==========================================================\===============================================================\==========================================
==========================================================\===============================================================\==========================================
##START_DC_FREQ##
-32;
-30;
-34;
-29;
-35;
-27;
-36;
-25;
-37;
-23;
-38;
-21;
-38;
-19;
-38;
-17;
-38;
-15;
-38;
-13;
-38;
-11;
-37;
-8;
-36;
-6;
-35;
-5;
-34;
-3;
-33;
-1;
-31;
1;
-30;
2;
-28;
3;
-26;
4;
-24;
5;
-22;
6;
-20;
6;
-18;
6;
-15;
7;
-13;
6;
-11;
6;
-9;
5;
-7;
5;
-5;
4;
-4;
2;
-2;
1;
0;
0;
2;
-1;
3;
-3;
4;
-5;
5;
-7;
6;
-9;
6;
-11;
6;
-13;
6;
-15;
6;
-17;
6;
-19;
5;
-22;
4;
-24;
3;
-25;
2;
-27;
1;
-29;
-1;
-31;
-2;
-32;
-4;
-33;
-6;
-34;
-8;
-35;
-10;
-36;
-12;
-36;
-14;
-36;
-17;
-36;
-19;
-35;
-21;
-35;
-23;
-34;
-25;
-34;
-27;
-33;
-27;
-31;
-29;
-30;
##END_DC_FREQ##
==========================================================\===============================================================\==========================================
==========================================================\===============================================================\==========================================
##START_CORR_FREQ##
28;
1056;
-245;
1090;
-384;
1022;
-567;
874;
-736;
714;
-853;
521;
-893;
304;
-938;
146;
-880;
-4;
-840;
-222;
-762;
-356;
-601;
-451;
-492;
-510;
-335;
-595;
-190;
-600;
-51;
-593;
17;
-527;
122;
-474;
185;
-405;
234;
-310;
247;
-224;
252;
-144;
236;
-60;
210;
-30;
156;
18;
123;
41;
88;
48;
49;
39;
30;
32;
12;
26;
8;
14;
1;
3;
0;
0;
1;
3;
-3;
15;
-12;
26;
-30;
32;
-48;
45;
-77;
42;
-116;
22;
-153;
9;
-183;
-31;
-213;
-79;
-243;
-153;
-236;
-232;
-189;
-307;
-138;
-397;
-74;
-462;
-14;
-528;
100;
-572;
237;
-574;
374;
-530;
513;
-472;
654;
-400;
720;
-240;
824;
-94;
856;
52;
846;
278;
826;
448;
736;
597;
657;
745;
456;
924;
242;
974;
0;
0;
##END_CORR_FREQ##
==========================================================\===============================================================\==========================================
==========================================================\===============================================================\==========================================
##START_CORR_TIME##
-8;
-9;
-24;
240;
-25;
506;
-7;
244;
6;
-24;
10;
-20;
12;
-19;
11;
-18;
12;
-14;
13;
-17;
15;
-18;
16;
-13;
15;
-11;
17;
-12;
17;
-9;
16;
-4;
18;
-1;
22;
0;
23;
1;
19;
3;
17;
7;
16;
7;
16;
8;
15;
9;
13;
11;
12;
10;
10;
12;
8;
14;
7;
13;
7;
14;
6;
14;
4;
13;
2;
16;
5;
16;
4;
14;
0;
14;
-3;
15;
-6;
17;
-7;
17;
-7;
13;
-8;
11;
-6;
11;
-6;
8;
-11;
7;
-13;
7;
-17;
5;
-16;
3;
-14;
3;
-15;
2;
-12;
1;
-13;
-1;
-15;
-3;
-16;
-5;
-14;
-4;
-14;
-3;
-15;
-4;
-14;
-8;
-13;
-6;
-12;
-3;
-9;
-6;
-6;
-10;
-3;
-7;
-3;
-2;
-4;
1;
##END_CORR_TIME##
==========================================================\===============================================================\==========================================
