Executing debug command
debug receiver mode is on
Waiting for file with data values
3001 values loaded.
##START_ADC_BUFFER##
2296;
3438;
1520;
2653;
2048;
1120;
3311;
2884;
632;
3471;
3150;
408;
3263;
3263;
808;
3111;
2511;
1821;
2902;
1284;
3228;
3058;
568;
3124;
3391;
248;
3119;
3550;
456;
3231;
2665;
1426;
2735;
2245;
1975;
3175;
899;
2863;
3591;
488;
2826;
3444;
744;
2623;
3237;
849;
2957;
2234;
1885;
2777;
1598;
2343;
3098;
1010;
2518;
3543;
672;
2623;
3199;
1122;
2522;
3010;
1370;
2887;
2126;
2054;
3038;
1594;
2273;
3310;
1352;
2231;
3567;
1104;
2589;
2983;
1710;
2438;
2748;
1800;
2852;
2135;
1970;
3331;
1472;
2291;
3206;
1619;
2044;
3382;
1448;
2379;
2863;
1700;
2607;
2378;
1880;
2799;
2123;
1773;
3202;
1682;
2026;
2991;
1842;
1944;
2982;
1704;
2326;
2580;
1733;
2708;
2115;
1902;
2755;
2152;
1641;
3175;
1773;
1985;
2935;
1877;
2105;
2740;
1947;
2230;
2709;
1712;
2770;
2259;
1947;
2759;
2292;
1846;
2949;
2122;
2001;
2902;
1991;
2327;
2615;
2086;
2381;
2635;
1830;
2812;
2284;
1982;
2787;
2276;
1924;
2822;
2237;
1913;
2882;
1955;
2311;
2498;
2116;
2283;
2527;
1860;
2591;
2314;
1840;
2743;
2135;
1981;
2572;
2265;
1878;
2685;
2012;
2238;
2397;
2061;
2353;
2344;
1947;
2522;
2346;
1796;
2750;
2154;
2029;
2549;
2310;
1986;
2636;
2110;
2287;
2475;
2057;
2505;
2369;
2090;
2470;
2529;
1869;
2711;
2309;
2129;
2510;
2371;
2194;
2492;
2246;
2323;
2550;
1998;
2591;
2352;
2098;
2453;
2503;
1955;
2564;
2351;
2096;
2505;
2241;
2247;
2404;
2207;
2217;
2539;
1950;
2432;
2356;
2073;
2322;
2398;
2036;
2373;
2300;
2084;
2455;
2087;
2299;
2330;
2175;
2184;
2522;
1992;
2343;
2403;
2072;
2353;
2330;
2192;
2331;
2351;
2125;
2543;
2122;
2322;
2450;
2198;
2255;
2531;
2170;
2291;
2497;
2158;
2414;
2327;
2331;
2349;
2370;
2210;
2562;
2177;
2313;
2503;
2210;
2302;
2455;
2282;
2230;
2487;
2160;
2434;
2226;
2304;
2361;
2258;
2181;
2483;
2201;
2150;
2511;
2146;
2220;
2346;
2296;
2137;
2374;
2184;
2340;
2181;
2228;
2365;
2167;
2199;
2399;
2236;
2123;
2471;
2164;
2275;
2279;
2305;
2236;
2331;
2211;
2380;
2284;
2173;
2491;
2233;
2225;
2384;
2398;
2129;
2465;
2305;
2324;
2316;
2342;
2379;
2297;
2298;
2412;
2367;
2164;
2509;
2290;
2267;
2361;
2406;
2216;
2375;
2319;
2335;
2326;
2227;
2423;
2268;
2243;
2338;
2399;
2086;
2406;
2305;
2215;
2262;
2334;
2248;
2232;
2279;
2276;
2318;
2128;
2389;
2251;
2192;
2255;
2379;
2148;
2286;
2322;
2240;
2266;
2234;
2355;
2229;
2246;
2303;
2391;
2115;
2387;
2362;
2212;
2282;
2422;
2249;
2263;
2391;
2284;
2343;
2262;
2419;
2290;
2306;
2323;
2437;
2228;
2349;
2406;
2273;
2331;
2340;
2367;
2267;
2348;
2296;
2393;
2193;
2369;
2357;
2237;
2270;
2406;
2237;
2224;
2403;
2232;
2281;
2268;
2333;
2223;
2284;
2249;
2335;
2192;
2265;
2323;
2223;
2249;
2291;
2293;
2199;
2323;
2233;
2322;
2202;
2302;
2301;
2250;
2238;
2353;
2274;
2204;
2387;
2266;
2278;
2287;
2364;
2261;
2327;
2290;
2373;
2275;
2298;
2392;
2306;
2281;
2353;
2389;
2235;
2367;
2334;
2347;
2257;
2379;
2346;
2292;
2281;
2398;
2313;
2218;
2415;
2302;
2260;
2303;
2386;
2212;
2306;
2297;
2313;
2249;
2278;
2337;
2249;
2243;
2298;
2339;
2166;
2309;
2310;
2256;
2204;
2349;
2276;
2216;
2264;
2331;
2245;
2188;
2380;
2260;
2222;
2287;
2383;
2178;
2307;
2338;
2279;
2247;
2328;
2335;
2268;
2309;
2327;
2349;
2223;
2364;
2335;
2301;
2282;
2402;
2304;
2283;
2344;
2358;
2299;
2276;
2403;
2299;
2284;
2320;
2397;
2220;
2333;
2361;
2289;
2267;
2350;
2326;
2249;
2322;
2301;
2333;
2223;
2341;
2294;
2267;
2250;
2351;
2262;
2236;
2313;
2294;
2247;
2243;
2338;
2247;
2254;
2280;
2335;
2200;
2293;
2311;
2259;
2234;
2321;
2295;
2237;
2319;
2289;
2311;
2235;
2343;
2299;
2293;
2274;
2366;
2302;
2263;
2352;
2333;
2275;
2298;
2390;
2268;
2302;
2327;
2363;
2248;
2335;
2364;
2290;
2284;
2359;
2335;
2254;
2350;
2319;
2309;
2266;
2354;
2291;
2290;
2276;
2344;
2289;
2253;
2327;
2305;
2257;
2264;
2354;
2242;
2281;
2301;
2323;
2215;
2298;
2312;
2245;
2242;
2316;
2292;
2218;
2322;
2284;
2271;
2246;
2337;
2270;
2271;
2278;
2327;
2285;
2258;
2333;
2299;
2261;
2283;
2366;
2258;
2292;
2327;
2347;
2259;
2332;
2349;
2282;
2285;
2360;
2333;
2250;
2351;
2329;
2302;
2268;
2374;
2297;
2291;
2313;
2351;
2290;
2271;
2357;
2302;
2268;
2305;
2367;
2242;
2286;
2335;
2301;
2221;
2328;
2319;
2245;
2268;
2331;
2288;
2222;
2334;
2294;
2253;
2258;
2343;
2248;
2262;
2297;
2303;
2256;
2261;
2331;
2270;
2260;
2298;
2340;
2223;
2294;
2337;
2288;
2235;
2341;
2325;
2250;
2307;
2337;
2287;
2258;
2366;
2304;
2271;
2301;
2357;
2271;
2299;
2340;
2324;
2281;
2316;
2341;
2287;
2303;
2302;
2343;
2259;
2320;
2329;
2295;
2264;
2338;
2318;
2254;
2307;
2318;
2290;
2255;
2346;
2280;
2274;
2286;
2332;
2256;
2276;
2311;
2290;
2270;
2285;
2318;
2255;
2279;
2287;
2316;
2252;
2301;
2307;
2287;
2253;
2325;
2306;
2243;
2307;
2311;
2285;
2258;
2343;
2291;
2282;
2294;
2341;
2274;
2286;
2335;
2313;
2271;
2301;
2345;
2277;
2295;
2321;
2335;
2255;
2321;
2333;
2303;
2269;
2348;
2317;
2250;
2327;
2330;
2281;
2270;
2353;
2287;
2282;
2305;
2327;
2256;
2289;
2326;
2291;
2266;
2298;
2325;
2252;
2291;
2302;
2302;
2249;
2305;
2309;
2268;
2262;
2322;
2300;
2237;
2313;
2315;
2265;
2258;
2355;
2271;
2268;
2311;
2327;
2251;
2300;
2340;
2287;
2278;
2324;
2331;
2255;
2312;
2319;
2315;
2266;
2329;
2322;
2286;
2295;
2340;
2302;
2266;
2334;
2319;
2288;
2282;
2355;
2288;
2275;
2320;
2330;
2262;
2304;
2335;
2283;
2276;
2316;
2318;
2255;
2304;
2311;
2291;
2253;
2331;
2304;
2268;
2287;
2324;
2279;
2248;
2328;
2298;
2261;
2283;
2340;
2260;
2272;
2319;
2303;
2253;
2300;
2325;
2263;
2283;
2318;
2313;
2257;
2319;
2307;
2295;
2279;
2327;
2306;
2279;
2305;
2334;
2292;
2276;
2333;
2304;
2282;
2300;
2348;
2266;
2294;
2323;
2313;
2267;
2323;
2327;
2278;
2303;
2314;
2309;
2265;
2323;
2306;
2287;
2282;
2319;
2294;
2286;
2298;
2313;
2287;
2270;
2324;
2295;
2271;
2295;
2329;
2250;
2280;
2317;
2292;
2253;
2303;
2317;
2254;
2290;
2315;
2299;
2255;
2317;
2303;
2279;
2278;
2338;
2296;
2267;
2307;
2322;
2282;
2263;
2341;
2308;
2258;
2302;
2369;
2259;
2262;
2374;
2332;
2209;
2329;
2405;
2231;
2235;
2411;
2341;
2152;
2335;
2438;
2204;
2192;
2465;
2339;
2109;
2356;
2475;
2164;
2163;
2508;
2324;
2078;
2364;
2511;
2102;
2174;
2530;
2293;
2043;
2401;
2493;
2080;
2198;
2530;
2283;
2048;
2414;
2471;
2091;
2199;
2533;
2283;
2056;
2408;
2469;
2104;
2207;
2530;
2285;
2078;
2404;
2471;
2116;
2223;
2511;
2293;
2098;
2402;
2447;
2144;
2239;
2479;
2295;
2129;
2402;
2405;
2181;
2240;
2450;
2296;
2171;
2379;
2388;
2208;
2250;
2431;
2281;
2200;
2355;
2375;
2210;
2271;
2390;
2268;
2219;
2349;
2337;
2215;
2291;
2370;
2254;
2250;
2359;
2298;
2223;
2310;
2351;
2227;
2271;
2356;
2279;
2228;
2325;
2348;
2213;
2294;
2359;
2282;
2217;
2353;
2347;
2206;
2298;
2371;
2275;
2219;
2379;
2337;
2216;
2302;
2383;
2256;
2240;
2375;
2338;
2214;
2316;
2380;
2265;
2244;
2367;
2340;
2216;
2309;
2371;
2275;
2224;
2378;
2336;
2222;
2303;
2387;
2276;
2223;
2372;
2322;
2226;
2295;
2368;
2252;
2241;
2348;
2315;
2230;
2295;
2354;
2256;
2252;
2330;
2322;
2242;
2288;
2341;
2278;
2251;
2324;
2323;
2247;
2290;
2339;
2273;
2255;
2338;
2307;
2262;
2297;
2346;
2263;
2282;
2329;
2306;
2267;
2304;
2332;
2271;
2297;
2321;
2308;
2269;
2313;
2319;
2283;
2293;
2330;
2306;
2278;
2317;
2314;
2287;
2287;
2335;
2292;
2274;
2322;
2320;
2267;
2295;
2327;
2289;
2270;
2318;
2309;
2273;
2296;
2320;
2291;
2267;
2329;
2303;
2273;
2297;
2327;
2276;
2259;
2322;
2303;
2258;
2282;
2331;
2274;
2266;
2318;
2306;
2257;
2296;
2326;
2275;
2273;
2325;
2311;
2264;
2300;
2317;
2289;
2276;
2323;
2311;
2280;
2296;
2322;
2296;
2284;
2317;
2311;
2281;
2291;
2334;
2291;
2287;
2312;
2318;
2270;
2299;
2322;
2293;
2283;
2308;
2316;
2279;
2305;
2311;
2289;
2275;
2313;
2303;
2277;
2291;
2308;
2292;
2285;
2303;
2299;
2283;
2283;
2311;
2283;
2288;
2306;
2310;
2278;
2295;
2300;
2291;
2282;
2295;
2305;
2281;
2295;
2303;
2293;
2287;
2311;
2297;
2292;
2299;
2311;
2295;
2287;
2310;
2296;
2286;
2301;
2317;
2293;
2290;
2313;
2310;
2286;
2307;
2316;
2285;
2292;
2317;
2311;
2285;
2306;
2313;
2295;
2297;
2319;
2297;
2282;
2300;
2309;
2290;
2292;
2313;
2297;
2285;
2301;
2324;
2278;
2284;
2311;
2303;
2270;
2303;
2311;
2280;
2282;
2311;
2300;
2269;
2306;
2302;
2280;
2287;
2308;
2297;
2275;
2302;
2307;
2280;
2291;
2311;
2293;
2275;
2293;
2318;
2278;
2293;
2323;
2308;
2274;
2300;
2320;
2285;
2290;
2319;
2302;
2277;
2314;
2312;
2289;
2286;
2321;
2298;
2282;
2306;
2311;
2287;
2288;
2321;
2293;
2283;
2302;
2317;
2278;
2294;
2314;
2291;
2276;
2312;
2309;
2279;
2291;
2316;
2302;
2279;
2306;
2303;
2286;
2285;
2312;
2286;
2280;
2304;
2299;
2287;
2281;
2312;
2289;
2278;
2298;
2307;
2281;
2294;
2318;
2295;
2276;
2310;
2305;
2278;
2307;
2312;
2294;
2283;
2310;
2304;
2291;
2298;
2314;
2287;
2283;
2315;
2307;
2287;
2297;
2314;
2298;
2293;
2306;
2314;
2281;
2287;
2315;
2304;
2284;
2309;
2310;
2275;
2302;
2312;
2295;
2283;
2317;
2304;
2284;
2292;
2315;
2284;
2287;
2308;
2305;
2279;
2289;
2306;
2290;
2289;
2312;
2301;
2273;
2297;
2302;
2288;
2279;
2306;
2303;
2289;
2300;
2312;
2289;
2279;
2310;
2297;
2276;
2303;
2316;
2290;
2282;
2316;
2305;
2285;
2297;
2310;
2293;
2288;
2306;
2302;
2278;
2303;
2308;
2289;
2285;
2311;
2305;
2287;
2305;
2317;
2291;
2283;
2322;
2295;
2284;
2303;
2314;
2285;
2293;
2314;
2298;
2289;
2299;
2312;
2283;
2293;
2311;
2300;
2279;
2304;
2300;
2284;
2287;
2304;
2295;
2282;
2301;
2306;
2285;
2286;
2317;
2288;
2282;
2306;
2307;
2276;
2299;
2305;
2295;
2283;
2300;
2308;
2275;
2300;
2299;
2294;
2287;
2309;
2303;
2290;
2298;
2309;
2296;
2288;
2304;
2306;
2286;
2297;
2312;
2299;
2286;
2312;
2297;
2287;
2294;
2316;
2293;
2285;
2307;
2306;
2283;
2293;
2310;
2295;
2279;
2314;
2307;
2287;
2292;
2307;
2289;
2285;
2310;
2303;
2280;
2293;
2309;
2286;
2288;
2306;
2302;
2282;
2295;
2306;
2290;
2285;
2305;
2297;
2278;
2301;
2310;
2290;
2283;
2307;
2309;
2289;
2301;
2313;
2291;
2287;
2310;
2305;
2285;
2295;
2305;
2291;
2295;
2306;
2305;
2282;
2300;
2309;
2288;
2295;
2301;
2299;
2291;
2301;
2303;
2289;
2287;
2304;
2309;
2291;
2296;
2303;
2291;
2285;
2303;
2298;
2282;
2294;
2302;
2291;
2288;
2306;
2303;
2281;
2297;
2302;
2286;
2293;
2308;
2299;
2280;
2299;
2301;
2284;
2298;
2308;
2297;
2287;
2302;
2304;
2291;
2284;
2307;
2302;
2289;
2300;
2314;
2289;
2291;
2310;
2299;
2287;
2296;
2312;
2285;
2293;
2322;
2297;
2281;
2305;
2311;
2284;
2297;
2313;
2299;
2281;
2301;
2303;
2286;
2297;
2311;
2295;
2286;
2304;
2310;
2285;
2295;
2306;
2285;
2287;
2301;
2303;
2296;
2298;
2305;
2291;
2292;
2300;
2302;
2290;
2302;
2306;
2294;
2289;
2310;
2303;
2284;
2296;
2313;
2289;
2288;
2303;
2293;
2277;
2297;
2305;
2295;
2289;
2303;
2302;
2284;
2302;
2301;
2294;
2283;
2304;
2301;
2282;
2294;
2307;
2289;
2291;
2303;
2301;
2299;
2303;
2306;
2300;
2294;
2300;
2301;
2286;
2296;
2308;
2289;
2284;
2307;
2302;
2278;
2304;
2305;
2292;
2291;
2303;
2299;
2281;
2298;
2304;
2287;
2289;
2307;
2293;
2286;
2297;
2297;
2292;
2289;
2306;
2303;
2279;
2302;
2315;
2287;
2293;
2311;
2290;
2289;
2296;
2315;
2296;
2291;
2310;
2296;
2281;
2305;
2302;
2288;
2297;
2300;
2305;
2294;
2299;
2309;
2291;
2293;
2303;
2304;
2283;
2300;
2305;
2289;
2290;
2311;
2302;
2278;
2302;
2305;
2289;
2297;
2317;
2295;
2283;
2297;
2307;
2291;
2296;
2307;
2294;
2286;
2303;
2298;
2286;
2292;
2306;
2297;
2284;
2303;
2302;
2286;
2299;
2313;
2290;
2284;
2309;
2303;
2279;
2298;
2307;
2292;
2284;
2316;
2303;
2287;
2295;
2309;
2291;
2294;
2314;
2300;
2287;
2299;
2307;
2284;
2289;
2305;
2301;
2289;
2299;
2305;
2289;
2288;
2303;
2299;
2287;
2293;
2308;
2293;
2295;
2307;
2297;
2292;
2291;
2303;
2295;
2299;
2299;
2295;
2297;
2296;
2303;
2300;
2289;
2300;
2297;
2295;
2293;
2303;
2290;
2286;
2308;
2291;
2287;
2294;
2301;
2288;
2293;
2300;
2299;
2289;
2288;
2306;
2286;
2301;
2304;
2297;
2287;
2297;
2300;
2299;
2293;
2309;
2295;
2290;
2304;
2303;
2298;
2286;
2307;
2298;
2290;
2298;
2302;
2295;
2292;
2305;
2296;
2293;
2299;
2307;
2293;
2294;
2302;
2291;
2285;
2303;
2308;
2291;
2288;
2299;
2296;
2293;
2296;
2301;
2294;
2292;
2306;
2294;
2286;
2305;
2295;
2293;
2289;
2306;
2296;
2287;
2303;
2302;
2290;
2291;
2304;
2285;
2286;
2305;
2297;
2295;
2305;
2305;
2301;
2285;
2300;
2303;
2290;
2299;
2309;
2295;
2298;
2299;
2295;
2291;
2295;
2306;
2297;
2288;
2302;
2298;
2294;
2296;
2299;
2298;
2285;
2296;
2299;
2290;
2303;
2303;
2301;
2299;
2303;
2301;
2293;
2294;
2307;
2297;
2294;
2305;
2300;
2293;
2296;
2298;
2290;
2290;
2306;
2296;
2287;
2307;
2303;
2296;
2290;
2295;
2300;
2287;
2298;
2303;
2290;
2293;
2290;
2299;
2302;
2292;
2301;
2291;
2290;
2310;
2299;
2288;
2299;
2300;
2293;
2293;
2297;
2298;
2292;
2296;
2301;
2293;
2296;
2306;
2293;
2293;
2297;
2301;
2292;
2295;
2305;
2292;
2294;
2297;
2306;
2303;
2291;
2299;
2297;
2289;
2300;
2307;
2290;
2295;
2306;
2292;
2293;
2301;
2306;
2295;
2295;
2302;
2292;
2293;
2295;
2299;
2291;
2297;
2308;
2297;
2299;
2291;
2302;
2286;
2294;
2300;
2293;
2291;
2295;
2297;
2289;
2290;
2305;
2291;
2292;
2298;
2297;
2289;
2296;
2304;
2298;
2290;
2299;
2306;
2292;
2297;
2304;
2294;
2291;
2296;
2301;
2300;
2296;
2299;
2299;
2293;
2297;
2303;
2288;
2293;
2304;
2295;
2295;
2295;
2300;
2285;
2294;
2306;
2286;
2288;
2289;
2301;
2298;
2297;
2298;
2292;
2294;
2301;
2295;
2289;
2299;
2297;
2290;
2292;
2297;
2299;
2295;
2295;
2298;
2293;
2291;
2303;
2297;
2287;
2300;
2306;
2294;
2296;
2301;
2299;
2289;
2298;
2300;
2291;
2296;
2300;
2296;
2292;
2305;
2303;
2292;
2295;
2299;
2303;
2295;
2295;
2293;
2294;
2295;
2298;
2298;
2294;
2300;
2299;
2295;
2301;
2304;
2293;
2293;
2300;
2295;
2290;
2291;
2301;
2297;
2291;
2294;
2303;
2300;
2299;
2297;
2302;
2287;
2298;
2296;
2292;
2294;
2291;
2292;
2297;
2298;
2302;
2285;
2293;
2297;
2294;
2293;
2296;
2298;
2294;
2296;
2295;
2299;
2295;
2290;
2300;
2292;
2298;
2306;
2300;
2298;
2297;
2301;
2297;
2291;
2302;
2291;
2295;
2300;
2309;
2290;
2298;
2302;
2302;
2295;
2301;
2300;
2294;
2293;
2302;
2296;
2290;
2295;
2301;
2293;
2305;
2300;
2298;
2296;
2299;
2301;
2287;
2294;
2302;
2298;
2281;
2302;
2295;
2287;
2299;
2306;
2291;
2286;
2303;
2296;
2298;
2295;
2299;
2294;
2284;
2298;
2300;
2293;
2291;
2305;
2301;
2291;
2302;
2299;
2291;
2296;
2306;
2298;
2292;
2297;
2301;
2289;
2300;
2304;
2292;
2291;
2302;
2302;
2298;
2297;
2303;
2297;
2295;
2293;
2301;
2291;
2293;
2300;
2289;
2295;
2301;
2299;
2295;
2287;
2300;
2293;
2289;
2303;
2292;
2288;
2302;
2303;
2295;
2297;
2300;
2291;
2289;
2303;
2297;
2290;
2293;
2307;
2289;
2294;
2299;
2301;
2294;
2287;
2303;
2297;
2294;
2300;
2295;
2292;
2297;
2305;
2293;
2287;
2299;
2299;
2290;
2294;
2292;
2299;
2291;
2299;
2305;
2298;
2295;
2299;
2301;
2296;
2304;
2300;
2290;
2297;
2297;
2294;
2293;
2300;
2302;
2296;
2297;
2294;
2298;
2294;
2301;
2299;
2287;
2295;
2306;
2294;
2294;
2296;
2298;
2293;
2296;
2301;
2297;
2290;
2301;
2298;
2304;
2293;
2298;
2288;
2297;
2294;
2299;
2293;
2299;
2300;
2294;
2294;
2305;
2299;
2293;
2301;
2296;
2291;
2299;
2298;
2296;
2294;
2294;
2300;
2299;
2295;
2301;
2300;
2292;
2293;
2302;
2295;
2293;
2301;
2295;
2294;
2298;
2298;
2300;
2292;
2296;
2293;
2292;
2297;
2302;
2295;
2295;
2305;
2300;
2291;
2297;
2295;
2291;
2303;
2298;
2296;
2291;
2298;
2297;
2294;
2296;
2292;
2293;
2288;
2296;
2294;
2298;
2298;
2300;
2300;
2291;
2298;
2300;
2296;
2292;
2305;
2297;
2291;
2295;
2300;
2300;
2298;
2299;
2303;
2292;
2299;
2304;
2300;
2298;
2295;
2304;
2291;
2297;
2295;
2295;
2298;
2298;
2292;
2287;
2300;
2300;
2294;
2299;
2300;
2292;
2298;
2299;
2300;
2293;
2293;
2298;
2295;
2297;
2308;
2299;
2295;
2297;
2293;
2292;
2297;
2301;
2298;
2294;
2291;
2300;
2299;
2294;
2301;
2293;
2301;
2294;
2296;
2302;
2293;
2299;
2299;
2295;
2301;
2298;
2299;
2303;
2298;
2296;
2295;
2295;
2303;
2294;
2297;
2294;
2291;
2294;
2306;
2298;
2289;
2299;
2307;
2286;
2301;
2320;
2293;
2271;
2321;
2311;
2258;
2292;
2340;
2276;
2255;
2342;
2323;
2235;
2303;
2362;
2258;
2243;
2360;
2318;
2217;
2315;
2372;
2241;
2236;
2380;
2319;
2200;
2325;
2381;
2235;
2239;
2394;
2310;
2191;
2333;
2379;
2228;
2241;
2388;
2314;
2196;
2327;
2378;
2235;
2241;
2391;
2306;
2197;
2322;
2383;
2225;
2245;
2386;
2306;
2207;
2327;
2372;
2231;
2253;
2375;
2308;
2220;
2318;
2359;
2243;
2261;
2362;
2298;
2236;
2317;
2342;
2253;
2273;
2347;
2293;
2254;
2314;
2332;
2261;
2291;
2336;
2288;
2266;
2316;
2310;
2267;
2299;
2321;
2278;
2283;
2321;
2298;
2265;
2311;
2309;
2278;
2296;
2329;
2288;
2270;
2322;
2304;
2272;
2298;
2321;
2282;
2274;
2322;
2300;
2268;
2306;
2327;
2269;
2283;
2323;
2294;
2271;
2304;
2326;
2267;
2281;
2330;
2298;
2268;
2299;
2326;
2266;
2284;
2333;
2299;
2269;
2302;
2323;
2277;
2284;
2322;
2308;
2268;
2302;
2321;
2279;
2285;
2316;
2305;
2273;
2308;
2317;
2286;
2288;
2303;
2298;
2287;
2301;
2305;
2283;
2294;
2298;
2305;
2288;
2301;
2297;
2296;
2305;
2296;
2294;
2293;
2305;
2291;
2295;
2307;
2292;
2286;
2307;
2309;
2284;
2293;
2311;
2289;
2290;
2307;
2307;
2277;
2300;
2307;
2290;
2287;
2313;
2302;
2275;
2301;
2315;
2289;
2278;
2311;
2308;
2274;
2293;
2314;
2293;
2276;
2313;
2311;
2275;
2294;
2322;
2297;
2279;
2311;
2308;
2287;
2289;
2316;
2292;
2281;
2302;
2307;
2278;
2294;
2308;
2295;
2284;
2303;
2309;
2286;
2294;
2307;
2292;
2290;
2303;
2304;
2295;
2291;
2298;
2297;
2294;
2303;
2294;
2298;
2291;
2298;
2297;
2294;
2296;
2293;
2297;
2306;
2296;
2299;
2300;
2293;
2295;
2297;
2298;
2291;
2300;
2305;
2298;
2295;
2303;
2301;
2293;
2296;
2307;
2292;
2290;
2295;
2301;
2296;
2297;
2303;
2293;
2291;
2301;
2297;
2295;
2301;
2300;
2292;
2295;
2301;
2297;
2289;
2299;
2299;
2293;
2291;
2304;
2298;
2293;
2295;
2299;
2292;
2297;
2297;
2299;
2297;
2295;
2298;
2298;
2291;
2290;
2304;
2291;
2291;
2294;
2296;
2294;
2295;
2303;
2296;
2291;
2295;
2304;
2295;
2292;
2306;
2296;
2289;
2307;
2309;
2285;
2292;
2311;
2289;
2282;
2308;
2306;
2280;
2292;
2318;
2286;
2282;
2311;
2306;
2273;
2292;
2319;
2287;
2279;
2312;
2305;
2282;
2290;
2309;
2289;
2278;
2308;
2307;
2270;
2300;
2321;
2287;
2270;
2312;
2315;
2273;
2299;
2322;
2287;
2273;
2316;
2305;
2280;
2294;
2320;
2291;
2275;
2311;
2310;
2274;
2292;
2312;
2290;
2283;
2313;
2308;
2276;
2289;
2323;
2289;
2281;
2311;
2307;
2276;
2298;
2309;
2290;
2286;
2297;
2303;
2291;
2294;
2314;
2290;
2290;
2304;
2301;
2286;
2298;
2309;
2293;
2286;
2296;
2306;
2282;
2297;
2309;
2293;
2293;
2304;
2300;
2292;
2299;
2301;
2292;
2296;
2305;
2294;
2292;
2301;
2306;
2301;
2295;
2308;
2295;
2288;
2307;
2303;
2291;
2296;
2299;
2295;
2295;
2296;
2301;
2293;
2300;
2297;
2288;
2291;
2307;
2295;
2285;
2298;
0;
0;
0;
0;
0;
0;
0;
0;
0;
0;
0;
0;
0;
0;
0;
0;
0;
0;
0;
0;
0;
0;
0;
0;
0;
0;
0;
0;
0;
0;
0;
0;
0;
0;
0;
0;
0;
0;
0;
0;
0;
0;
0;
0;
0;
0;
0;
0;
0;
0;
0;
0;
0;
0;
0;
0;
0;
0;
0;
0;
0;
0;
0;
0;
0;
0;
0;
0;
0;
0;
0;
0;
0;
0;
0;
0;
0;
0;
0;
0;
0;
0;
0;
0;
0;
0;
0;
0;
0;
0;
0;
0;
0;
0;
0;
0;
0;
0;
0;
0;
0;
0;
0;
0;
0;
0;
0;
0;
0;
0;
0;
0;
0;
0;
0;
0;
0;
0;
0;
0;
0;
0;
0;
0;
0;
0;
0;
0;
0;
0;
0;
0;
0;
0;
0;
0;
0;
0;
0;
0;
0;
0;
0;
0;
0;
0;
0;
0;
0;
0;
0;
0;
0;
0;
0;
0;
0;
0;
0;
0;
0;
0;
0;
0;
0;
0;
0;
0;
0;
0;
0;
0;
0;
0;
0;
0;
0;
0;
0;
0;
0;
0;
0;
0;
0;
0;
0;
0;
0;
0;
0;
0;
0;
0;
0;
0;
0;
0;
0;
0;
0;
0;
0;
0;
0;
0;
0;
0;
0;
0;
0;
0;
0;
0;
0;
0;
0;
0;
0;
0;
0;
0;
0;
0;
0;
0;
0;
0;
0;
0;
0;
0;
0;
0;
0;
0;
0;
0;
0;
0;
0;
0;
0;
0;
0;
0;
0;
0;
0;
0;
0;
0;
0;
0;
0;
0;
0;
0;
0;
0;
0;
0;
0;
0;
0;
0;
0;
0;
0;
0;
0;
0;
0;
0;
0;
0;
0;
0;
0;
0;
0;
0;
0;
0;
0;
0;
0;
0;
0;
0;
0;
0;
0;
0;
0;
0;
0;
0;
0;
0;
0;
0;
0;
0;
0;
0;
0;
0;
0;
0;
0;
0;
0;
0;
0;
0;
0;
0;
0;
0;
0;
0;
0;
0;
0;
0;
0;
0;
0;
0;
0;
0;
0;
0;
0;
0;
0;
0;
0;
0;
0;
0;
0;
0;
0;
0;
0;
0;
0;
0;
0;
0;
0;
0;
0;
0;
0;
0;
0;
0;
0;
0;
0;
0;
0;
0;
0;
0;
0;
0;
0;
0;
0;
0;
0;
0;
0;
0;
0;
0;
0;
0;
0;
0;
0;
0;
0;
0;
0;
0;
0;
0;
0;
0;
0;
0;
0;
0;
0;
0;
0;
0;
0;
0;
0;
0;
0;
0;
0;
0;
0;
0;
0;
0;
0;
0;
0;
0;
0;
0;
0;
0;
0;
0;
0;
0;
0;
0;
0;
0;
0;
0;
0;
0;
0;
0;
0;
0;
0;
0;
0;
0;
0;
0;
0;
0;
0;
0;
0;
0;
0;
0;
0;
0;
0;
0;
0;
0;
0;
0;
0;
0;
0;
0;
0;
0;
0;
0;
0;
0;
0;
0;
0;
0;
0;
0;
0;
0;
0;
0;
0;
0;
0;
0;
0;
0;
0;
0;
0;
0;
0;
0;
0;
0;
0;
0;
0;
0;
0;
0;
0;
0;
0;
0;
0;
0;
0;
0;
0;
0;
0;
0;
0;
0;
0;
0;
0;
0;
0;
0;
0;
0;
0;
0;
0;
0;
0;
0;
0;
0;
0;
0;
0;
0;
0;
0;
0;
0;
0;
0;
0;
0;
0;
0;
0;
0;
0;
0;
0;
0;
0;
0;
0;
0;
0;
0;
0;
0;
0;
0;
0;
0;
0;
0;
0;
0;
0;
0;
0;
0;
0;
0;
0;
0;
0;
0;
0;
0;
0;
0;
0;
0;
0;
0;
0;
0;
0;
0;
0;
0;
0;
0;
0;
0;
0;
0;
0;
0;
0;
0;
0;
0;
0;
0;
0;
0;
0;
0;
0;
0;
0;
0;
0;
0;
0;
0;
0;
0;
0;
0;
0;
0;
0;
0;
0;
0;
0;
0;
0;
0;
0;
0;
0;
0;
0;
0;
0;
0;
0;
0;
0;
0;
0;
0;
0;
0;
0;
0;
0;
0;
0;
0;
0;
0;
0;
0;
0;
0;
0;
0;
0;
0;
0;
0;
0;
0;
0;
0;
0;
0;
0;
0;
0;
0;
0;
0;
0;
0;
0;
0;
0;
0;
0;
0;
0;
0;
0;
0;
0;
0;
0;
0;
0;
0;
0;
0;
0;
0;
0;
0;
0;
0;
0;
0;
0;
0;
0;
0;
0;
0;
0;
0;
0;
0;
0;
0;
0;
0;
0;
0;
0;
0;
0;
0;
0;
0;
0;
0;
0;
0;
0;
0;
0;
0;
0;
0;
0;
0;
0;
0;
0;
0;
0;
0;
0;
0;
0;
0;
0;
0;
0;
0;
0;
0;
0;
0;
0;
0;
0;
0;
0;
0;
0;
0;
0;
0;
0;
0;
0;
0;
0;
0;
0;
0;
0;
0;
0;
0;
0;
0;
0;
0;
0;
0;
0;
0;
0;
0;
0;
0;
0;
0;
0;
0;
0;
0;
0;
0;
0;
0;
0;
0;
0;
0;
0;
0;
0;
0;
0;
0;
0;
0;
0;
0;
0;
0;
0;
0;
0;
0;
0;
0;
0;
0;
0;
0;
0;
0;
0;
0;
0;
0;
0;
0;
0;
0;
0;
0;
0;
0;
0;
0;
0;
0;
0;
0;
0;
0;
0;
0;
0;
0;
0;
0;
0;
0;
0;
0;
0;
0;
0;
0;
0;
0;
0;
0;
0;
0;
0;
0;
0;
0;
0;
0;
0;
0;
0;
0;
0;
0;
0;
0;
0;
0;
0;
0;
0;
0;
0;
0;
0;
0;
0;
0;
0;
0;
0;
0;
0;
0;
0;
0;
0;
0;
0;
0;
0;
0;
0;
0;
0;
0;
0;
0;
0;
0;
0;
0;
0;
0;
0;
0;
0;
0;
0;
0;
0;
0;
0;
0;
0;
0;
0;
0;
0;
0;
0;
0;
0;
0;
0;
0;
0;
0;
0;
0;
0;
0;
0;
0;
0;
0;
0;
0;
0;
0;
0;
0;
0;
0;
0;
0;
0;
0;
0;
0;
0;
0;
0;
0;
0;
0;
0;
0;
0;
0;
0;
0;
0;
0;
0;
0;
0;
0;
0;
0;
0;
0;
0;
0;
0;
0;
0;
0;
0;
0;
0;
0;
0;
0;
0;
0;
0;
0;
0;
0;
0;
0;
0;
0;
0;
0;
0;
0;
0;
0;
0;
0;
0;
0;
0;
0;
0;
0;
0;
0;
0;
0;
0;
0;
0;
0;
0;
0;
0;
0;
0;
0;
0;
0;
0;
0;
0;
0;
0;
0;
0;
0;
0;
0;
0;
0;
0;
0;
0;
0;
0;
0;
0;
0;
0;
0;
0;
0;
0;
0;
0;
0;
0;
0;
0;
0;
0;
0;
0;
0;
0;
0;
0;
0;
0;
0;
0;
0;
0;
0;
0;
0;
0;
0;
0;
0;
0;
0;
0;
0;
##END_ADC_BUFFER##
==========================================================\===============================================================\==========================================
##START_ADC_BUFFER_INDICES##
Oldest sample is 0
Next sample is 3001
##END_ADC_BUFFER_INDICES##
==========================================================\===============================================================\==========================================
==========================================================\===============================================================\==========================================
##START_ADC_BUFFER_INDICES##
Oldest sample is 0
Next sample is 3001
##END_ADC_BUFFER_INDICES##
==========================================================\===============================================================\==========================================
==========================================================\===============================================================\==========================================
##START_DC_BUFFER##
1053754;
1053754;
718090;
339890;
255109;
120938;
110125;
21449;
58049;
102656;
35906;
15140;
24272;
41029;
20369;
11170;
2132;
281;
4537;
18218;
24093;
13364;
377;
3141;
9677;
15520;
15129;
6344;
2205;
3842;
13465;
169949;
106601;
7460;
6098;
14645;
13394;
9661;
5746;
5618;
4946;
10130;
11645;
8552;
6113;
3809;
4973;
8541;
9081;
9565;
5309;
4916;
5812;
7300;
9860;
6344;
6085;
4666;
7090;
9653;
8069;
7745;
6170;
5413;
7226;
8210;
7858;
6480;
5989;
7825;
7709;
8980;
7610;
5317;
7261;
6397;
8424;
6953;
6130;
7421;
13941;
44218;
14170;
2777;
10784;
6617;
3482;
5200;
7330;
7200;
5365;
2925;
4537;
##END_DC_BUFFER##
==========================================================\===============================================================\==========================================
