Executing debug command
1770;
3079;
3205;
48;
2557;
4095;
2152;
1870;
2903;
3647;
2016;
1987;
4095;
2579;
880;
2917;
3294;
56;
2661;
3935;
2254;
2230;
3163;
3039;
1138;
2324;
4095;
2682;
648;
2931;
3461;
57;
2719;
3927;
1675;
2322;
4095;
2591;
432;
2843;
3966;
2799;
312;
2871;
3567;
57;
2716;
3903;
696;
2385;
4095;
2464;
1969;
4095;
1269;
2943;
385;
2903;
3487;
41;
2686;
3983;
584;
2375;
4095;
1747;
2309;
4095;
1352;
2164;
2546;
3327;
3058;
40;
2603;
4023;
33;
2444;
4095;
1379;
2294;
4095;
2480;
1848;
4095;
2782;
2297;
120;
2766;
4071;
40;
2399;
4095;
2386;
2238;
4095;
2554;
1617;
4095;
2812;
960;
3110;
2655;
3655;
33;
2487;
4095;
2432;
1942;
4095;
2674;
1523;
4095;
2807;
843;
2863;
3406;
3028;
248;
2306;
4095;
2572;
1742;
4095;
2715;
1376;
4095;
2930;
475;
3068;
3847;
1598;
1721;
2124;
4095;
2698;
1418;
4095;
2847;
1011;
3671;
3093;
307;
2815;
3551;
96;
3807;
1016;
3935;
2870;
937;
4063;
3004;
642;
2903;
3327;
96;
2902;
3423;
528;
3847;
1104;
2327;
3579;
56;
2703;
3479;
41;
2718;
3663;
75;
2708;
3430;
248;
3527;
2903;
1106;
4087;
904;
2074;
4047;
64;
2455;
3639;
40;
2783;
3503;
136;
2766;
3485;
178;
3399;
3136;
1200;
4095;
640;
2217;
3998;
336;
2491;
3743;
40;
2570;
3799;
40;
2835;
3583;
451;
3535;
2340;
1536;
4095;
568;
2294;
4079;
304;
2348;
3958;
48;
2450;
3991;
64;
2854;
2934;
1208;
2997;
1849;
1944;
4095;
392;
2260;
4095;
400;
2218;
4095;
900;
2066;
4071;
571;
3141;
2045;
1624;
4015;
1232;
1952;
4095;
1275;
1888;
4095;
1211;
1758;
3919;
1435;
2204;
3107;
1220;
3727;
1797;
1472;
4079;
2079;
1385;
4063;
2352;
1416;
4087;
1348;
2303;
2951;
1617;
2916;
2604;
912;
3711;
2966;
972;
4022;
2002;
1180;
3459;
2198;
1346;
3455;
1445;
2383;
3021;
891;
2983;
2969;
699;
3103;
3127;
650;
3463;
2197;
1437;
3035;
1964;
1830;
3247;
1152;
2541;
3142;
825;
2925;
2847;
1144;
2695;
3014;
944;
3311;
2098;
1728;
3222;
1708;
2150;
3197;
1529;
2255;
3431;
1050;
2847;
2843;
1481;
2790;
2715;
1528;
3086;
2204;
1797;
3271;
1740;
2167;
3175;
1654;
2185;
3359;
1193;
2719;
2804;
1528;
2679;
2602;
1613;
2815;
2269;
1696;
3143;
1584;
2265;
2827;
1736;
2068;
3078;
1421;
2370;
2791;
1490;
2667;
2247;
1871;
2684;
2114;
1756;
3179;
1568;
2117;
3052;
1669;
2092;
2999;
1757;
2215;
2783;
1776;
2678;
2209;
2080;
2727;
2251;
1789;
3207;
1913;
2009;
3052;
1942;
2241;
2678;
2156;
2331;
2603;
1820;
2974;
2064;
1981;
2955;
2189;
1785;
2978;
2238;
1779;
2922;
2037;
2277;
2426;
2118;
2395;
2482;
1693;
2851;
2250;
1688;
2807;
2254;
1828;
2534;
2368;
1909;
2565;
1977;
2489;
2222;
1966;
2523;
2421;
1640;
2684;
2505;
1577;
2735;
2313;
1995;
2393;
2399;
2082;
2558;
1955;
2534;
2449;
1867;
2615;
2501;
1912;
2452;
2699;
1826;
2598;
2378;
2260;
2370;
2321;
2338;
2564;
1985;
2517;
2670;
1762;
2626;
2546;
1984;
2353;
2678;
1934;
2491;
2302;
2276;
2371;
2165;
2342;
2437;
2040;
2245;
2691;
1777;
2410;
2469;
2057;
2180;
2476;
2087;
2325;
2169;
2253;
2460;
1883;
2420;
2447;
1980;
2169;
2711;
1853;
2280;
2516;
2123;
2182;
2418;
2240;
2302;
2247;
2219;
2635;
1942;
2385;
2567;
2135;
2158;
2695;
2148;
2242;
2487;
2320;
2355;
2216;
2474;
2402;
2213;
2219;
2764;
2006;
2256;
2691;
2187;
2107;
2609;
2295;
2144;
2439;
2258;
2458;
2081;
2373;
2438;
2177;
2088;
2631;
2145;
2056;
2514;
2274;
2112;
2285;
2407;
2146;
2246;
2170;
2531;
1999;
2168;
2559;
2139;
2001;
2572;
2269;
1974;
2477;
2282;
2220;
2173;
2430;
2261;
2250;
2172;
2543;
2207;
2096;
2579;
2315;
2090;
2433;
2499;
2080;
2421;
2343;
2437;
2152;
2361;
2507;
2244;
2175;
2585;
2362;
2037;
2570;
2386;
2163;
2313;
2545;
2147;
2333;
2312;
2414;
2236;
2190;
2493;
2277;
2107;
2404;
2445;
1999;
2388;
2334;
2249;
2129;
2387;
2290;
2172;
2207;
2402;
2274;
2004;
2460;
2305;
2064;
2271;
2497;
2016;
2298;
2342;
2269;
2186;
2266;
2406;
2223;
2185;
2377;
2430;
2046;
2398;
2415;
2226;
2186;
2530;
2268;
2222;
2378;
2399;
2315;
2172;
2514;
2349;
2173;
2361;
2564;
2081;
2362;
2473;
2284;
2208;
2428;
2398;
2195;
2324;
2368;
2379;
2115;
2411;
2386;
2186;
2201;
2527;
2184;
2174;
2401;
2292;
2202;
2208;
2442;
2206;
2168;
2307;
2415;
2037;
2288;
2397;
2187;
2128;
2412;
2289;
2095;
2363;
2299;
2271;
2150;
2386;
2307;
2194;
2229;
2492;
2177;
2201;
2449;
2287;
2201;
2306;
2475;
2180;
2291;
2389;
2394;
2148;
2382;
2452;
2237;
2222;
2510;
2321;
2149;
2487;
2342;
2265;
2255;
2468;
2288;
2248;
2327;
2450;
2196;
2252;
2452;
2273;
2187;
2342;
2433;
2100;
2322;
2361;
2287;
2148;
2364;
2351;
2162;
2223;
2428;
2229;
2105;
2438;
2260;
2168;
2252;
2422;
2158;
2218;
2344;
2327;
2159;
2276;
2399;
2219;
2187;
2367;
2390;
2087;
2377;
2377;
2248;
2202;
2433;
2329;
2191;
2326;
2440;
2237;
2205;
2498;
2284;
2219;
2345;
2479;
2165;
2315;
2441;
2302;
2229;
2377;
2409;
2231;
2271;
2412;
2357;
2138;
2427;
2363;
2216;
2247;
2447;
2256;
2175;
2381;
2354;
2174;
2249;
2441;
2206;
2200;
2342;
2387;
2085;
2316;
2383;
2193;
2203;
2362;
2306;
2153;
2302;
2355;
2252;
2145;
2414;
2289;
2197;
2265;
2429;
2204;
2204;
2422;
2291;
2189;
2329;
2417;
2207;
2273;
2386;
2367;
2140;
2398;
2395;
2216;
2286;
2425;
2319;
2198;
2406;
2367;
2253;
2263;
2447;
2276;
2249;
2333;
2413;
2202;
2265;
2453;
2253;
2213;
2359;
2382;
2168;
2307;
2370;
2285;
2163;
2399;
2318;
2180;
2289;
2379;
2246;
2166;
2403;
2286;
2190;
2271;
2383;
2204;
2240;
2316;
2340;
2165;
2288;
2388;
2204;
2238;
2346;
2342;
2157;
2346;
2372;
2238;
2215;
2414;
2285;
2217;
2339;
2373;
2252;
2226;
2455;
2271;
2242;
2352;
2389;
2222;
2302;
2389;
2335;
2209;
2362;
2395;
2218;
2304;
2380;
2332;
2184;
2383;
2365;
2213;
2268;
2417;
2253;
2233;
2353;
2351;
2212;
2263;
2425;
2202;
2246;
2343;
2324;
2189;
2299;
2365;
2243;
2212;
2360;
2310;
2186;
2317;
2334;
2279;
2167;
2382;
2304;
2193;
2298;
2379;
2224;
2240;
2367;
2310;
2207;
2315;
2398;
2201;
2285;
2357;
2327;
2205;
2348;
2367;
2234;
2275;
2394;
2303;
2236;
2353;
2343;
2292;
2243;
2416;
2294;
2232;
2343;
2371;
2241;
2271;
2399;
2298;
2225;
2349;
2372;
2195;
2314;
2349;
2306;
2195;
2358;
2350;
2194;
2288;
2364;
2254;
2224;
2351;
2316;
2238;
2248;
2395;
2220;
2235;
2339;
2323;
2214;
2271;
2385;
2237;
2222;
2369;
2321;
2184;
2330;
2343;
2266;
2218;
2391;
2309;
2200;
2345;
2349;
2254;
2264;
2388;
2304;
2243;
2317;
2393;
2215;
2291;
2368;
2317;
2235;
2323;
2401;
2222;
2280;
2401;
2290;
2215;
2367;
2339;
2249;
2250;
2411;
2265;
2217;
2375;
2324;
2234;
2264;
2387;
2257;
2222;
2346;
2335;
2191;
2319;
2335;
2263;
2226;
2333;
2341;
2178;
2306;
2358;
2239;
2226;
2357;
2305;
2217;
2279;
2389;
2216;
2247;
2378;
2291;
2238;
2302;
2381;
2231;
2259;
2377;
2302;
2215;
2359;
2340;
2256;
2265;
2367;
2316;
2210;
2366;
2343;
2261;
2271;
2380;
2302;
2230;
2338;
2387;
2208;
2303;
2389;
2268;
2249;
2329;
2365;
2197;
2303;
2372;
2259;
2247;
2357;
2308;
2243;
2280;
2371;
2264;
2221;
2375;
2287;
2241;
2276;
2364;
2259;
2228;
2353;
2324;
2195;
2321;
2347;
2236;
2259;
2342;
2319;
2188;
2340;
2343;
2238;
2279;
2352;
2291;
2247;
2319;
2364;
2239;
2266;
2387;
2274;
2266;
2304;
2367;
2244;
2277;
2387;
2288;
2244;
2353;
2343;
2243;
2294;
2360;
2304;
2220;
2381;
2317;
2238;
2301;
2352;
2286;
2239;
2337;
2335;
2225;
2292;
2363;
2242;
2271;
2309;
2337;
2224;
2292;
2357;
2246;
2259;
2331;
2309;
2235;
2282;
2349;
2269;
2220;
2375;
2277;
2241;
2298;
2343;
2265;
2245;
2372;
2296;
2234;
2331;
2340;
2247;
2287;
2332;
2329;
2229;
2330;
2345;
2240;
2292;
2343;
2315;
2244;
2321;
2359;
2244;
2276;
2386;
2279;
2268;
2329;
2340;
2252;
2273;
2383;
2266;
2258;
2350;
2318;
2248;
2287;
2347;
2290;
2229;
2358;
2299;
2240;
2317;
2318;
2269;
2254;
2351;
2288;
2231;
2332;
2321;
2212;
2318;
2335;
2251;
2245;
2358;
2308;
2185;
2357;
2349;
2199;
2286;
2399;
2246;
2210;
2378;
2366;
2146;
2321;
2435;
2210;
2221;
2414;
2343;
2142;
2340;
2433;
2195;
2213;
2457;
2313;
2164;
2342;
2442;
2203;
2196;
2479;
2303;
2149;
2350;
2439;
2177;
2211;
2456;
2318;
2127;
2370;
2431;
2168;
2235;
2435;
2325;
2128;
2351;
2417;
2172;
2228;
2436;
2294;
2162;
2332;
2406;
2181;
2224;
2438;
2271;
2183;
2334;
2390;
2188;
2253;
2400;
2281;
2179;
2370;
2353;
2207;
2284;
2367;
2286;
2210;
2367;
2329;
2223;
2308;
2356;
2273;
2258;
2343;
2329;
2235;
2314;
2361;
2257;
2274;
2345;
2325;
2238;
2319;
2370;
2251;
2262;
2367;
2299;
2238;
2321;
2354;
2247;
2247;
2384;
2276;
2249;
2322;
2341;
2252;
2259;
2363;
2291;
2224;
2311;
2346;
2238;
2263;
2344;
2316;
2214;
2314;
2363;
2225;
2253;
2359;
2298;
2221;
2302;
2364;
2233;
2250;
2377;
2275;
2242;
2310;
2362;
2245;
2261;
2370;
2299;
2237;
2329;
2348;
2252;
2282;
2350;
2321;
2222;
2335;
2351;
2240;
2291;
2338;
2312;
2234;
2333;
2347;
2244;
2293;
2357;
2279;
2263;
2328;
2333;
2255;
2289;
2348;
2274;
2256;
2338;
2319;
2249;
2298;
2332;
2287;
2242;
2344;
2303;
2241;
2295;
2340;
2266;
2246;
2349;
2295;
2248;
2299;
2339;
2251;
2265;
2343;
2294;
2248;
2306;
2342;
2252;
2272;
2341;
2297;
2246;
2320;
2335;
2261;
2268;
2350;
2295;
2252;
2322;
2340;
2260;
2275;
2357;
2294;
2251;
2321;
2346;
2257;
2293;
2347;
2291;
2252;
2331;
2332;
2249;
2294;
2339;
2295;
2250;
2330;
2323;
2262;
2284;
2344;
2285;
2257;
2325;
2326;
2258;
2279;
2337;
2286;
2255;
2317;
2324;
2238;
2295;
2331;
2281;
2253;
2329;
2307;
2245;
2299;
2330;
2277;
2255;
2330;
2304;
2260;
2286;
2335;
2269;
2259;
2336;
2308;
2259;
2295;
2334;
2281;
2272;
2330;
2315;
2249;
2319;
2327;
2279;
2284;
2324;
2313;
2258;
2317;
2330;
2272;
2287;
2334;
2297;
2276;
2302;
2341;
2262;
2285;
2327;
2296;
2270;
2302;
2325;
2274;
2275;
2335;
2296;
2253;
2324;
2308;
2272;
2278;
2325;
2302;
2245;
2319;
2315;
2262;
2290;
2318;
2291;
2263;
2311;
2322;
2249;
2291;
2327;
2284;
2276;
2301;
2322;
2265;
2283;
2340;
2282;
2264;
2329;
2306;
2280;
2282;
2337;
2295;
2253;
2342;
2302;
2273;
2303;
2329;
2290;
2271;
2322;
2326;
2260;
2312;
2323;
2286;
2287;
2309;
2324;
2262;
2295;
2332;
2276;
2274;
2328;
2305;
2269;
2286;
2335;
2282;
2262;
2339;
2294;
2266;
2297;
2321;
2276;
2279;
2327;
2302;
2248;
2320;
2309;
2272;
2286;
2308;
2313;
2256;
2306;
2322;
2268;
2280;
2318;
2298;
2266;
2299;
2331;
2263;
2279;
2346;
2274;
2279;
2312;
2323;
2269;
2291;
2338;
2287;
2263;
2332;
2306;
2277;
2297;
2322;
2309;
2261;
2330;
2309;
2273;
2298;
2321;
2292;
2265;
2315;
2325;
2260;
2297;
2342;
2266;
2287;
2317;
2305;
2267;
2287;
2339;
2274;
2278;
2327;
2282;
2282;
2295;
2320;
2279;
2270;
2338;
2286;
2267;
2309;
2306;
2287;
2274;
2318;
2307;
2251;
2314;
2316;
2263;
2294;
2307;
2307;
2263;
2308;
2327;
2260;
2301;
2327;
2281;
2287;
2306;
2319;
2279;
2277;
2345;
2278;
2283;
2319;
2306;
2293;
2279;
2330;
2294;
2266;
2329;
2302;
2274;
2302;
2314;
2311;
2261;
2322;
2313;
2259;
2314;
2309;
2279;
2286;
2309;
2318;
2271;
2293;
2337;
2260;
2294;
2311;
2297;
2286;
2279;
2333;
2273;
2272;
2331;
2280;
2278;
2303;
2304;
2302;
2256;
2333;
2299;
2253;
2320;
2301;
2289;
2290;
2305;
2306;
2257;
2314;
2320;
2265;
2306;
2305;
2304;
2280;
2295;
2337;
2260;
2291;
2325;
2285;
2292;
2308;
2313;
2283;
2275;
2342;
2278;
2274;
2332;
2291;
2289;
2290;
2316;
2295;
2262;
2329;
2299;
2266;
2316;
2302;
2306;
2270;
2303;
2324;
2257;
2309;
2313;
2283;
2278;
2293;
2319;
2268;
2286;
2332;
2268;
2284;
2317;
2294;
2280;
2285;
2332;
2271;
2275;
2332;
2287;
2277;
2312;
2294;
2302;
2271;
2327;
2307;
2258;
2328;
2303;
2278;
2295;
2305;
2316;
2256;
2304;
2334;
2257;
2303;
2314;
2291;
2279;
2294;
2334;
2271;
2292;
2340;
2271;
2289;
2314;
2292;
2290;
2283;
2329;
2287;
2264;
2327;
2286;
2290;
2296;
2307;
2306;
2263;
2316;
2311;
2262;
2306;
2304;
2290;
2281;
2297;
2332;
2254;
2303;
2327;
2265;
2295;
2309;
2299;
2280;
2287;
2337;
2272;
2282;
2330;
2280;
2299;
2295;
2313;
2291;
2270;
2330;
2288;
2277;
2320;
2300;
2301;
2278;
2314;
2315;
2253;
2322;
2301;
2276;
2306;
2303;
2301;
2280;
2304;
2319;
2261;
2308;
2319;
2277;
2302;
2298;
2313;
2274;
2288;
2332;
2280;
2286;
2318;
2290;
2301;
2283;
2318;
2294;
2262;
2332;
2286;
2281;
2308;
2297;
2296;
2276;
2311;
2303;
2258;
2318;
2305;
2275;
2303;
2292;
2310;
2272;
2305;
2333;
2265;
2308;
2313;
2287;
2295;
2285;
2324;
2286;
2285;
2326;
2278;
2290;
2310;
2300;
2296;
2279;
2325;
2296;
2267;
2323;
2292;
2286;
2296;
2302;
2310;
2266;
2326;
2300;
2266;
2316;
2302;
2289;
2288;
2290;
2316;
2269;
2298;
2321;
2270;
2301;
2307;
2297;
2291;
2278;
2331;
2276;
2279;
2328;
2281;
2294;
2295;
2303;
2299;
2268;
2322;
2285;
2274;
2319;
2293;
2294;
2291;
2300;
2313;
2266;
2321;
2311;
2276;
2309;
2291;
2306;
2284;
2294;
2325;
2270;
2305;
2315;
2279;
2299;
2298;
2309;
2287;
2278;
2333;
2285;
2290;
2315;
2283;
2295;
2285;
2313;
2297;
2270;
2325;
2295;
2281;
2311;
2295;
2301;
2273;
2304;
2309;
2267;
2311;
2301;
2291;
2291;
2294;
2317;
2271;
2295;
2320;
2271;
2299;
2307;
2281;
2297;
2285;
2319;
2286;
2283;
2326;
2277;
2290;
2308;
2301;
2300;
2278;
2320;
2300;
2270;
2323;
2293;
2294;
2293;
2294;
2312;
2270;
2308;
2311;
2265;
2310;
2297;
2299;
2286;
2291;
2317;
2276;
2291;
2319;
2283;
2290;
2297;
2308;
2295;
2267;
2331;
2282;
2280;
2313;
2286;
2298;
2294;
2306;
2298;
2271;
2316;
2295;
2281;
2316;
2293;
2305;
2277;
2298;
2315;
2267;
2303;
2301;
2281;
2305;
2294;
2306;
2288;
2286;
2318;
2269;
2301;
2313;
2281;
2303;
2287;
2311;
2294;
2276;
2320;
2283;
2297;
2304;
2298;
2304;
2281;
2309;
2303;
2264;
2317;
2296;
2289;
2302;
2292;
2312;
2277;
2298;
2316;
2267;
2307;
2303;
2288;
2298;
2290;
2319;
2286;
2292;
2319;
2277;
2294;
2303;
2294;
2307;
2279;
2312;
2284;
2275;
2320;
2279;
2299;
2303;
2295;
2298;
2272;
2316;
2295;
2271;
2314;
2295;
2292;
2298;
2296;
2313;
2266;
2303;
2310;
2272;
2311;
2302;
2302;
2290;
2287;
2312;
2275;
2294;
2314;
2279;
2310;
2291;
2296;
2296;
2281;
2326;
2285;
2291;
2314;
2288;
2299;
2292;
2303;
2306;
2271;
2319;
2296;
2279;
2311;
2288;
2303;
2287;
2295;
2310;
2274;
2311;
2308;
2282;
2303;
2287;
2305;
2288;
2295;
2321;
2270;
2294;
2308;
2285;
2301;
2286;
2310;
2297;
2279;
2319;
2275;
2287;
2310;
2288;
2296;
2280;
2311;
2298;
2275;
2322;
2288;
2289;
2302;
2289;
2313;
2276;
2305;
2315;
2270;
2306;
2292;
2295;
2297;
2286;
2318;
2283;
2294;
2322;
2279;
2306;
2298;
2299;
2306;
2280;
2316;
2290;
2287;
2313;
2284;
2297;
2294;
2297;
2308;
2280;
2311;
2295;
2280;
2313;
2289;
2301;
2291;
2292;
2311;
2272;
2307;
2303;
2276;
2306;
2297;
2302;
2285;
2286;
2320;
2281;
2292;
2306;
2284;
2301;
2291;
2306;
2305;
2274;
2317;
2292;
2284;
2309;
2286;
2310;
2283;
2311;
2307;
2267;
2309;
2299;
2291;
2305;
2287;
2307;
2285;
2298;
2320;
2276;
2307;
2303;
2292;
2306;
2288;
2308;
2285;
2283;
2323;
2284;
2292;
2305;
2293;
2302;
2274;
2315;
2295;
2277;
2314;
2288;
2289;
2301;
2301;
2303;
2277;
2311;
2305;
2275;
2312;
2290;
2294;
2291;
2289;
2311;
2278;
2301;
2313;
2277;
2302;
2302;
2298;
2290;
2281;
2322;
2278;
2289;
2318;
2279;
2301;
2291;
2310;
2295;
2281;
2326;
2293;
2286;
2310;
2281;
2302;
2296;
2297;
2305;
2274;
2315;
2305;
2277;
2308;
2296;
2302;
2293;
2290;
2311;
2269;
2304;
2308;
2281;
2301;
2287;
2303;
2290;
2279;
2324;
2276;
2299;
2310;
2279;
2303;
2289;
2308;
2291;
2289;
2321;
2280;
2291;
2309;
2285;
2302;
2280;
2304;
2301;
2271;
2319;
2296;
2286;
2302;
2290;
2310;
2277;
2303;
2315;
2273;
2318;
2301;
2290;
2304;
2292;
2311;
2286;
2291;
2315;
2273;
2310;
2298;
2296;
2303;
2282;
2321;
2287;
2281;
2325;
2285;
2298;
2298;
2298;
2295;
2278;
2314;
2292;
2279;
2313;
2289;
2300;
2294;
2296;
2308;
2276;
2310;
2303;
2281;
2303;
2286;
2296;
2292;
2287;
2322;
2274;
2305;
2311;
2277;
2311;
2297;
2305;
2295;
2286;
2324;
2277;
2297;
2310;
2279;
2309;
2286;
2308;
2303;
2274;
2317;
2287;
2289;
2306;
2293;
2309;
2280;
2307;
2307;
2271;
2316;
2295;
2287;
2308;
2284;
2313;
2287;
2291;
2317;
2281;
2305;
2296;
2292;
2305;
2282;
2317;
2295;
2285;
2312;
2274;
2306;
2301;
2292;
2307;
2277;
2311;
2293;
2277;
2315;
2282;
2303;
2300;
2287;
2320;
2267;
2304;
2306;
2279;
2315;
2287;
2303;
2294;
2286;
2319;
2281;
2296;
2305;
2278;
2313;
2287;
2306;
2303;
2273;
2318;
2280;
2293;
2311;
2282;
2305;
2284;
2300;
2311;
2269;
2313;
2293;
2297;
2300;
2289;
2310;
2283;
2295;
2312;
2277;
2308;
2296;
2283;
2304;
2288;
2309;
2287;
2289;
2319;
2277;
2307;
2299;
2295;
2309;
2274;
2311;
2294;
2277;
2325;
2277;
2298;
2295;
2293;
2306;
2276;
2311;
2295;
2275;
2321;
2288;
2303;
2293;
2290;
2314;
2266;
2310;
2305;
2272;
2310;
2286;
2305;
2295;
2282;
2323;
2274;
2303;
2314;
2275;
2306;
2289;
2303;
2293;
2278;
2319;
2282;
2293;
2311;
2283;
2303;
2286;
2306;
2309;
2270;
2323;
2289;
2283;
2310;
2285;
2309;
2291;
2295;
2310;
2269;
2319;
2295;
2288;
2311;
2286;
2314;
2290;
2287;
2319;
2271;
2305;
2297;
2281;
2306;
2282;
2313;
2285;
2281;
2323;
2280;
2296;
2305;
2288;
2314;
2277;
2314;
2292;
2275;
2319;
2282;
2300;
2301;
2290;
2315;
2276;
2308;
2306;
2271;
2315;
2285;
2296;
2306;
2285;
2324;
2287;
2294;
2311;
2279;
2303;
2288;
2301;
2301;
2279;
2325;
2282;
2291;
2311;
2286;
2307;
2286;
2300;
2314;
2281;
2318;
2296;
2283;
2312;
2287;
2303;
2286;
2295;
2314;
2275;
2319;
2299;
2283;
2307;
2292;
2306;
2284;
2298;
2319;
2271;
2302;
2304;
2286;
2310;
2284;
2311;
2292;
2282;
2317;
2282;
2299;
2306;
2292;
2313;
2277;
2308;
2300;
2269;
2322;
2294;
2294;
2305;
2287;
2309;
2275;
2307;
2308;
2270;
2315;
2289;
2298;
2296;
2293;
2318;
2273;
2296;
2314;
2277;
2307;
2294;
2294;
2293;
2281;
2326;
2281;
2291;
2313;
2286;
2295;
2291;
2303;
2300;
2273;
2318;
2293;
2284;
2314;
2286;
2301;
2290;
2300;
2308;
2273;
2313;
2297;
2277;
2308;
2285;
2303;
2286;
2291;
2317;
2276;
2306;
2302;
2279;
2307;
2287;
2317;
2287;
2286;
2319;
2278;
2297;
2308;
2290;
2303;
2281;
2304;
2302;
2273;
2321;
2296;
2292;
2297;
2288;
2308;
2277;
2301;
2312;
2276;
2304;
2291;
2291;
2293;
2287;
2316;
2269;
2291;
2319;
2282;
2298;
2301;
2303;
2290;
2278;
2326;
2287;
2268;
2324;
2299;
2287;
2288;
2316;
2303;
2259;
2320;
2307;
2274;
2309;
2308;
2296;
2267;
2312;
2323;
2255;
2308;
2316;
2279;
2292;
2298;
2317;
2270;
2290;
2333;
2278;
2290;
2319;
2293;
2279;
2287;
2327;
2273;
2275;
2341;
2290;
2275;
2305;
2307;
2288;
2280;
2325;
2296;
2266;
2324;
2303;
2283;
2296;
2304;
2303;
2273;
2304;
2311;
2277;
2304;
2308;
2296;
2285;
2296;
2324;
2271;
2301;
2314;
2279;
2294;
2305;
2298;
2285;
2293;
2326;
2275;
2286;
2314;
2275;
2300;
2299;
2300;
2290;
2286;
2316;
2281;
2282;
2319;
2287;
2294;
2293;
2300;
2299;
2274;
2318;
2298;
2288;
2308;
2293;
2298;
2286;
2300;
2311;
2274;
2302;
2302;
2285;
2297;
2300;
2305;
2282;
2294;
2310;
2279;
2295;
2307;
2294;
2297;
2288;
2311;
2287;
2283;
2315;
2294;
2282;
2298;
2301;
2299;
2287;
2303;
2302;
2276;
2303;
2302;
2291;
2290;
2300;
2313;
2279;
2290;
2314;
2285;
2295;
2309;
2298;
2287;
2297;
2305;
2298;
2284;
2307;
2302;
2283;
2298;
2305;
2294;
2286;
2309;
2303;
2280;
2298;
2310;
2291;
2293;
2315;
2300;
2282;
2305;
2309;
2290;
2291;
2311;
2292;
2285;
2299;
2309;
2287;
2295;
2306;
2296;
2287;
2304;
2301;
2288;
2297;
2306;
2294;
2283;
2309;
2303;
2285;
2295;
2311;
2286;
2287;
2301;
2295;
2285;
2297;
2311;
2287;
2287;
2307;
2295;
2287;
2303;
2308;
2291;
2290;
2307;
2300;
2287;
2305;
2304;
2291;
2294;
2307;
2297;
2290;
2298;
2303;
2293;
2292;
2306;
2295;
2287;
2305;
2299;
2288;
2297;
2303;
2295;
2293;
2294;
2304;
2290;
2295;
2307;
2286;
2290;
2300;
2294;
2300;
2287;
2305;
2298;
2292;
2305;
2300;
2295;
2290;
2303;
2297;
2289;
2306;
2294;
2295;
2305;
2289;
2302;
2295;
2299;
2304;
2286;
2301;
2299;
2290;
2298;
2289;
2301;
2292;
2286;
2308;
2288;
2292;
2305;
2288;
2304;
2293;
2304;
2296;
2291;
2312;
2287;
2297;
2305;
2288;
2310;
2287;
2298;
2309;
2285;
2311;
2287;
2295;
2304;
2287;
2303;
2286;
2301;
2302;
2283;
2309;
2293;
2290;
2299;
2285;
2310;
2293;
2292;
2310;
2281;
2307;
2295;
2295;
2303;
2283;
2310;
2293;
2282;
2312;
2287;
2297;
2297;
2295;
2307;
2284;
2302;
2306;
2283;
2306;
2291;
2299;
2299;
2285;
2313;
2285;
2302;
2305;
2285;
2301;
2295;
2296;
2299;
2284;
2309;
2288;
2294;
2313;
2279;
2308;
2286;
2294;
2305;
2279;
2308;
2297;
2290;
2303;
2288;
2303;
2287;
2294;
2307;
2277;
2311;
2298;
2282;
2310;
2290;
2302;
2295;
2290;
2308;
2280;
2308;
2298;
2282;
2310;
2279;
2299;
2302;
2284;
2313;
2288;
2293;
2305;
2285;
2303;
2283;
2300;
2301;
2282;
2307;
2285;
2295;
2303;
2288;
2305;
2292;
2297;
2307;
2276;
2313;
2291;
2294;
2308;
2280;
2314;
2287;
2293;
2316;
2280;
2299;
2299;
2287;
2303;
2281;
2307;
2295;
2284;
2311;
2279;
2302;
2297;
2292;
2305;
2279;
2303;
2300;
2278;
2310;
2285;
2299;
2296;
2288;
2307;
2282;
2300;
2304;
2281;
2307;
2293;
2300;
2307;
2284;
2317;
2285;
2294;
2309;
2270;
2312;
2286;
2295;
2305;
2276;
2307;
2294;
2287;
2315;
2282;
2307;
2289;
2287;
2314;
2278;
2305;
2293;
2285;
2311;
2282;
2301;
2291;
2289;
2319;
2280;
2302;
2303;
2279;
2311;
2280;
2299;
2295;
2283;
2319;
2279;
2296;
2308;
2280;
2306;
2283;
2303;
2304;
2273;
2315;
2288;
2292;
2311;
2280;
2306;
2285;
2302;
2313;
2272;
2320;
2295;
2283;
2311;
2283;
2305;
2287;
2295;
2301;
2274;
2310;
2294;
2285;
2307;
2277;
2310;
2291;
2288;
2314;
2283;
2299;
2295;
2289;
2305;
2282;
2313;
2285;
2281;
2322;
2279;
2298;
2298;
2283;
2311;
2278;
2307;
2303;
2274;
2319;
2285;
2304;
2302;
2290;
2313;
2282;
2297;
2306;
2279;
2311;
2290;
2297;
2302;
2279;
2308;
2287;
2293;
2310;
2275;
2313;
2286;
2293;
2308;
2278;
2318;
2289;
2291;
2316;
2281;
2309;
2284;
2291;
2308;
2275;
2309;
2306;
2279;
2311;
2289;
2306;
2297;
2286;
2319;
2276;
2298;
2312;
2273;
2315;
2281;
2302;
2301;
2284;
2320;
2289;
2294;
2314;
2281;
2317;
2287;
2299;
2309;
2273;
2317;
2286;
2287;
2311;
2280;
2318;
2286;
2293;
2313;
2274;
2309;
2293;
2292;
2315;
2278;
2310;
2294;
2290;
2321;
2271;
2304;
2296;
2283;
2309;
2275;
2306;
2296;
2278;
2318;
2279;
2302;
2301;
2284;
2314;
2282;
2303;
2301;
2279;
2314;
2286;
2293;
2304;
2278;
2320;
2279;
2302;
2313;
2269;
2316;
2287;
2296;
2306;
2273;
2319;
2289;
2299;
2315;
2275;
2310;
2295;
2290;
2315;
2279;
2314;
2293;
2285;
2319;
2277;
2306;
2298;
2293;
2309;
2285;
2303;
2295;
2287;
2315;
2279;
2302;
2300;
2279;
2315;
2278;
2303;
2299;
2282;
2320;
2283;
2303;
2301;
2278;
2318;
2279;
2303;
2303;
2275;
2319;
2292;
2298;
2306;
2281;
2313;
2282;
2298;
2314;
2277;
2310;
2296;
2291;
2308;
2272;
2311;
2295;
2287;
2309;
2281;
2308;
2292;
2292;
2319;
2272;
2314;
2296;
2278;
2309;
2283;
2305;
2290;
2287;
2318;
2277;
2307;
2307;
2283;
2317;
2285;
2297;
2307;
2285;
2316;
2284;
2301;
2302;
2279;
2316;
2282;
2300;
2302;
2276;
2314;
2290;
2298;
2305;
2279;
2307;
2284;
2297;
2311;
2277;
2314;
2292;
2287;
2304;
2282;
2317;
2290;
2291;
2319;
2277;
2310;
2291;
2289;
2310;
2279;
2303;
2294;
2288;
2314;
2280;
2309;
2299;
2289;
2311;
2283;
2309;
2303;
2274;
2316;
2287;
2303;
2299;
2288;
2321;
2273;
2309;
2307;
2280;
2310;
2290;
2296;
2307;
2279;
2316;
2286;
2292;
2310;
2283;
2312;
2285;
2299;
2310;
2273;
2322;
2290;
2284;
2313;
2291;
2302;
2284;
2300;
2312;
2273;
2317;
2295;
2278;
2311;
2286;
2301;
2294;
2295;
2312;
2272;
2307;
2304;
2281;
2315;
2287;
2305;
2301;
2285;
2318;
2282;
2303;
2298;
2286;
2314;
2276;
2298;
2306;
2290;
2313;
2277;
2298;
2305;
2273;
2313;
2289;
2302;
2303;
2283;
2309;
2279;
2299;
2306;
2276;
2311;
2293;
2286;
2307;
2291;
2317;
2289;
2285;
2318;
2272;
2306;
2297;
2293;
2302;
2285;
2311;
2288;
2287;
2316;
2281;
2305;
2293;
2288;
2307;
2289;
2306;
2298;
2284;
2318;
2285;
2297;
2301;
2294;
2306;
2284;
2308;
2293;
2282;
2317;
2283;
2295;
2304;
2284;
2308;
2285;
2301;
2303;
2274;
2317;
2287;
2293;
2303;
2282;
2310;
2283;
2301;
2301;
2285;
2311;
2286;
2286;
2306;
2287;
2309;
2287;
2288;
2310;
2280;
2305;
2289;
2289;
2308;
2279;
2309;
2287;
2283;
2317;
2277;
2306;
2296;
2282;
2309;
2282;
2304;
2293;
2283;
2317;
2283;
2299;
2295;
2288;
2313;
2275;
2309;
2307;
2284;
2314;
2287;
2298;
2297;
2281;
2312;
2279;
2305;
2303;
2280;
2309;
2290;
2304;
2299;
2283;
2316;
2284;
2291;
2311;
2277;
2305;
2287;
2298;
2308;
2278;
2312;
2292;
2293;
2309;
2279;
2311;
2290;
2290;
2312;
2283;
2314;
2294;
2280;
2311;
2283;
2304;
2291;
2286;
2308;
2282;
2304;
2296;
2286;
2311;
2282;
2301;
2298;
2285;
2315;
2280;
2299;
2298;
2287;
2312;
2284;
2302;
2298;
2279;
2316;
2283;
2299;
2299;
2282;
2305;
2289;
2304;
2302;
2282;
2317;
2290;
2290;
2310;
2279;
2305;
2294;
2295;
2312;
2277;
2303;
2286;
2285;
2309;
2283;
2310;
2286;
2290;
2310;
2279;
2311;
2294;
2286;
2311;
2283;
2309;
2288;
2287;
2309;
2279;
2306;
2297;
2291;
2305;
2284;
2307;
2289;
2286;
2316;
2280;
2300;
2308;
2280;
2314;
2289;
2306;
2302;
2278;
2310;
2290;
2294;
2307;
2281;
2311;
2286;
2298;
2307;
2282;
2317;
2291;
2295;
2300;
2285;
2311;
2282;
2293;
2312;
2273;
2310;
2293;
2293;
2313;
2282;
2310;
2286;
2291;
2309;
2279;
2307;
2302;
2290;
2306;
2279;
2309;
2303;
2281;
2309;
2289;
2304;
2293;
2293;
2316;
2281;
2303;
2302;
2282;
2313;
2287;
2302;
2300;
2291;
2311;
2279;
2302;
2305;
2287;
2312;
2287;
2294;
2300;
2279;
2317;
2285;
2289;
2307;
2281;
2307;
2292;
2303;
2303;
2272;
2312;
2294;
2295;
2311;
2277;
2311;
2290;
2292;
2309;
2275;
2315;
2292;
2291;
2308;
2279;
2313;
2290;
2289;
2316;
2279;
2308;
2291;
2288;
2306;
2283;
2311;
2293;
2286;
2313;
2280;
2309;
2292;
2288;
2313;
2275;
2302;
2299;
2280;
2314;
2279;
2302;
2293;
2286;
2313;
2281;
2301;
2304;
2287;
2307;
2282;
2297;
2294;
2283;
2312;
2279;
2302;
2304;
2278;
2313;
2278;
2304;
2302;
2282;
2315;
2280;
2307;
2302;
2279;
2318;
2284;
2301;
2307;
2281;
2309;
2281;
2307;
2305;
2277;
2318;
2286;
2299;
2304;
2282;
2306;
2280;
2301;
2313;
2272;
2309;
2294;
2281;
2315;
2282;
2314;
2289;
2301;
2315;
2271;
2302;
2298;
2292;
2311;
2276;
2313;
2295;
2286;
2313;
2277;
2302;
2297;
2287;
2313;
2284;
2304;
2304;
2283;
2311;
2282;
2296;
2302;
2279;
2317;
2282;
2295;
2306;
2264;
2322;
2284;
2291;
2310;
2272;
2322;
2287;
2288;
2317;
2277;
2317;
2289;
2291;
2311;
2277;
2317;
2285;
2281;
2315;
2276;
2312;
2299;
2280;
2317;
2276;
2308;
2294;
2283;
2320;
2274;
2305;
2302;
2286;
2317;
2281;
2307;
2305;
2277;
2314;
2273;
2298;
2299;
2281;
2314;
2285;
2301;
2310;
2275;
2311;
2283;
2289;
2309;
2278;
2316;
2284;
2294;
2314;
2274;
2321;
2294;
2294;
2314;
2274;
2317;
2292;
2290;
2316;
2269;
2317;
2295;
2288;
2309;
2279;
2311;
2293;
2284;
2320;
2274;
2313;
2299;
2278;
2316;
2281;
2304;
2299;
2281;
2315;
2286;
2309;
2307;
2278;
2317;
2279;
2306;
2301;
2272;
2315;
2283;
2304;
2304;
2283;
2319;
2281;
2303;
2307;
2271;
2316;
2281;
2301;
2311;
2276;
2312;
2284;
2289;
2318;
2275;
2314;
2291;
2291;
2309;
2275;
2315;
2299;
2287;
2310;
2282;
2313;
2296;
2281;
2316;
2271;
2314;
2293;
2268;
2321;
2281;
2301;
2298;
2284;
2318;
2279;
2301;
2301;
2281;
2309;
2277;
2303;
2303;
2276;
2322;
2287;
2295;
2302;
2278;
2317;
2285;
2293;
2310;
2276;
2314;
2293;
2294;
2306;
2276;
2319;
2288;
2289;
2306;
2277;
2317;
2291;
2290;
2315;
2278;
2309;
2301;
2286;
2305;
2277;
2319;
2294;
2283;
2312;
2277;
2308;
2295;
2286;
2311;
2281;
2302;
2299;
2281;
2322;
2278;
2297;
2297;
2277;
2318;
2282;
2307;
2303;
2277;
2309;
2283;
2300;
2303;
2285;
2309;
2283;
2301;
2308;
2279;
2311;
2291;
2292;
2302;
2272;
2312;
2292;
2291;
2315;
2278;
2317;
2289;
2286;
2318;
2280;
2307;
2293;
2293;
2309;
2276;
2313;
2295;
2283;
2313;
2276;
2310;
2302;
2284;
2307;
2288;
2312;
2295;
2280;
2317;
2284;
2301;
2298;
2284;
2315;
2278;
2301;
2303;
2281;
2312;
2286;
2307;
2303;
2280;
2312;
2286;
2299;
2309;
2275;
2308;
2282;
2296;
2299;
2284;
2314;
2282;
2299;
2309;
2275;
2310;
2293;
2293;
2315;
2285;
2304;
2288;
2292;
2306;
2277;
2310;
2296;
2287;
2317;
2281;
2305;
2302;
2287;
2309;
2280;
2308;
2290;
2289;
2319;
2278;
2302;
2299;
2284;
2314;
2280;
2307;
2297;
2282;
2310;
2279;
2302;
2310;
2285;
2301;
2288;
2299;
2303;
2277;
2318;
2289;
2289;
2302;
2280;
2311;
2285;
2297;
2308;
2275;
2318;
2289;
2289;
2310;
2279;
2310;
2282;
2294;
2308;
2273;
2317;
2292;
2287;
2313;
2280;
2310;
2295;
2292;
2306;
2278;
2310;
2289;
2290;
2314;
2279;
2309;
2296;
2291;
2310;
2273;
2309;
2313;
2279;
2307;
2284;
2311;
2291;
2279;
2323;
2287;
2297;
2300;
2282;
2314;
2286;
2296;
2297;
2280;
2316;
2279;
2294;
2307;
2289;
2311;
2282;
2295;
2306;
2281;
2318;
2289;
2293;
2309;
2281;
2307;
2285;
2295;
2308;
2278;
2311;
2293;
2290;
2310;
2279;
2301;
2293;
2297;
2309;
2278;
2309;
2293;
2282;
2315;
2285;
2308;
2292;
2283;
2316;
2286;
2303;
2294;
2290;
2310;
2279;
2305;
2300;
2287;
2315;
2285;
2300;
2307;
2281;
2316;
2285;
2303;
2307;
2275;
2317;
2284;
2299;
2310;
2279;
2315;
2290;
2302;
2302;
2286;
2311;
2283;
2297;
2313;
2281;
2306;
2290;
2287;
2304;
2287;
2311;
2288;
2299;
2308;
2277;
2310;
2291;
2291;
2315;
2277;
2304;
2301;
2291;
2307;
2276;
2304;
2293;
2288;
2314;
2274;
2310;
2297;
2286;
2314;
2284;
2304;
2300;
2283;
2309;
2280;
2299;
2303;
2282;
2316;
2283;
2302;
2306;
2278;
2316;
2292;
2294;
2307;
2285;
2310;
2285;
2303;
2306;
2277;
2316;
2292;
2295;
2304;
2280;
2316;
2294;
2287;
2309;
2282;
2307;
2281;
2297;
2314;
2276;
2314;
2292;
2284;
2311;
2274;
2313;
2299;
2295;
2303;
2281;
2312;
2294;
2286;
2312;
2274;
2307;
2299;
2289;
2308;
2278;
2302;
2296;
2285;
2315;
2267;
2308;
2312;
2280;
2305;
2279;
2311;
2301;
2280;
2317;
2282;
2304;
2302;
2280;
2313;
2287;
2301;
2295;
2276;
2315;
2289;
2295;
2311;
2285;
2308;
2286;
2305;
2308;
2268;
2318;
2295;
2287;
2305;
2286;
2317;
2287;
2296;
2309;
2277;
2313;
2287;
2296;
2306;
2279;
2311;
2291;
2289;
2310;
2280;
2308;
2292;
2295;
2313;
2279;
2309;
2295;
2286;
2310;
2281;
2302;
2293;
2290;
2307;
2284;
2308;
2306;
2278;
2309;
2290;
2305;
2295;
2286;
2330;
2287;
2306;
2303;
2280;
2307;
2283;
2305;
2301;
2285;
2318;
2287;
2302;
2306;
2285;
2319;
2281;
2302;
2303;
2273;
2322;
2284;
2291;
2311;
2289;
2306;
2283;
2301;
2311;
2268;
2315;
2295;
2289;
2305;
2282;
2316;
2283;
2293;
2314;
2276;
2306;
2296;
2290;
2309;
2280;
2313;
2297;
2283;
2314;
2279;
2310;
2292;
2294;
2305;
2282;
2308;
2290;
2285;
2317;
2277;
2295;
2296;
2284;
2314;
2272;
2305;
2301;
2274;
2310;
2286;
2295;
2294;
2285;
2318;
2276;
2307;
2306;
2277;
2313;
2283;
2299;
2302;
2287;
2319;
2278;
2295;
2313;
2279;
2311;
2283;
2304;
2303;
2271;
2316;
2300;
2301;
2287;
2303;
2289;
2307;
2301;
2279;
2315;
2292;
2290;
2309;
2285;
2303;
2285;
2297;
2305;
2279;
2311;
2286;
2292;
2304;
2281;
2314;
2289;
2287;
2305;
2282;
2303;
2292;
2292;
2309;
2284;
2306;
2296;
2284;
2315;
2281;
2303;
2294;
2288;
2311;
2281;
2309;
2297;
2287;
2308;
2293;
2302;
2303;
2288;
2307;
2281;
2303;
2306;
2280;
2308;
2284;
2294;
2302;
2275;
2318;
2279;
2292;
2311;
2270;
2318;
2295;
2291;
2306;
2272;
2313;
2287;
2287;
2313;
2281;
2315;
2288;
2293;
2311;
2275;
2310;
2298;
2285;
2310;
2279;
2312;
2293;
2287;
2313;
2276;
2311;
2295;
2285;
2312;
2281;
2311;
2296;
2280;
2313;
2278;
2297;
2311;
2276;
2311;
2279;
2312;
2301;
2275;
2329;
2282;
2295;
2308;
2277;
2314;
2283;
2305;
2305;
2277;
2312;
2292;
2293;
2303;
2278;
2317;
2285;
2297;
2308;
2274;
2312;
2292;
2289;
2303;
2281;
2314;
2285;
2294;
2318;
2274;
2315;
2289;
2292;
2316;
2274;
2315;
2292;
2284;
2313;
2282;
2304;
2295;
2286;
2310;
2275;
2316;
2294;
2282;
2309;
2279;
2310;
2297;
2288;
2315;
2274;
2298;
2303;
2277;
2315;
2283;
2310;
2306;
2273;
2318;
2282;
2296;
2306;
2287;
2316;
2282;
2303;
2310;
2272;
2315;
2284;
2295;
2305;
2279;
2310;
2290;
2291;
2314;
2283;
2310;
2299;
2284;
2311;
2275;
2303;
2298;
2278;
2314;
2276;
2300;
2302;
2278;
2317;
2277;
2306;
2305;
2272;
2317;
2283;
2298;
2305;
2286;
2312;
2277;
2303;
2307;
2275;
2314;
2285;
2291;
2301;
2271;
2314;
2287;
2295;
2306;
2278;
2315;
2290;
2288;
2311;
2273;
2315;
2291;
2277;
2316;
2274;
2310;
2296;
2291;
2310;
2271;
2313;
2299;
2278;
2314;
2282;
2311;
2297;
2284;
2318;
2275;
2306;
2303;
2279;
2312;
2282;
2300;
2304;
2284;
2318;
2279;
2295;
2303;
2284;
2313;
2285;
2298;
2305;
2270;
2316;
2283;
2294;
2313;
2272;
2313;
2289;
2298;
2309;
2275;
2308;
2291;
2293;
2307;
2277;
2310;
2290;
2285;
2312;
2276;
2311;
2290;
2285;
2314;
2275;
2312;
2297;
2278;
2313;
2267;
2306;
2307;
2283;
2311;
2273;
2305;
2295;
2279;
2316;
2283;
2303;
2304;
2281;
2320;
2279;
2297;
2307;
2283;
2306;
2280;
2306;
2300;
2279;
2320;
2287;
2294;
2308;
2272;
2309;
2287;
2299;
2307;
2276;
2314;
2292;
2287;
2309;
2282;
2315;
2294;
2290;
2311;
2278;
2312;
2300;
2286;
2312;
2277;
2311;
2288;
2284;
2316;
2274;
2302;
2297;
2275;
2307;
2279;
2306;
2299;
2280;
2321;
2274;
2307;
2305;
2274;
2317;
2285;
2300;
2302;
2286;
2315;
2283;
2296;
2305;
2281;
2308;
2286;
2298;
2308;
2280;
2315;
2287;
2292;
2311;
2276;
2317;
2290;
2293;
2318;
2279;
2307;
2295;
2294;
2300;
2275;
2319;
2289;
2282;
2314;
2278;
2307;
2300;
2287;
2308;
2277;
2306;
2293;
2276;
2325;
2290;
2293;
2287;
2294;
2311;
2282;
2303;
2301;
2279;
2309;
2287;
2298;
2301;
2286;
2315;
2284;
2298;
2309;
2276;
2302;
2289;
2302;
2292;
2280;
2319;
2283;
2288;
2310;
2277;
2305;
2292;
2296;
2302;
2280;
2311;
2291;
2293;
2306;
2278;
2311;
2291;
2295;
2311;
2273;
2309;
2289;
2281;
2319;
2287;
2301;
2290;
2289;
2314;
2276;
2305;
2303;
2281;
2319;
2282;
2309;
2300;
2282;
2309;
2281;
2302;
2301;
2278;
2315;
2285;
2302;
2310;
2278;
2315;
2287;
2297;
2307;
2276;
2314;
2289;
2287;
2306;
2277;
2317;
2287;
2296;
2312;
2281;
2311;
2295;
2287;
2310;
2279;
2304;
2285;
2299;
2308;
2270;
2310;
2301;
2282;
2302;
2281;
2306;
2286;
2289;
2314;
2275;
2305;
2300;
2286;
2309;
2284;
2302;
2299;
2285;
2315;
2276;
2305;
2305;
2283;
2312;
2287;
2305;
2299;
2277;
2319;
2285;
2291;
2307;
2281;
2311;
2281;
2305;
2306;
2277;
2320;
2292;
2292;
2311;
2285;
2303;
2282;
2299;
2309;
2280;
2309;
2297;
2286;
2306;
2283;
2303;
2295;
2291;
2307;
2274;
2309;
2296;
2290;
2308;
2284;
2308;
2287;
2287;
2316;
2277;
2303;
2303;
2282;
2307;
2279;
2310;
2293;
2281;
2314;
2286;
2304;
2301;
2287;
2313;
2280;
2301;
2306;
2280;
2302;
2282;
2304;
2308;
2285;
2310;
2279;
2296;
2313;
2273;
2309;
2289;
2295;
2306;
2276;
2312;
2288;
2293;
2313;
2273;
2306;
2289;
2294;
2310;
2276;
2310;
2294;
2290;
2312;
2278;
2303;
2294;
2289;
2308;
2275;
2310;
2304;
2290;
2308;
2279;
2308;
2296;
2290;
2311;
2282;
2303;
2300;
2287;
2313;
2283;
2298;
2304;
2282;
2313;
2287;
2295;
2307;
2284;
2310;
2281;
2298;
2311;
2277;
2312;
2284;
2299;
2301;
2287;
2311;
2290;
2296;
2309;
2276;
2314;
2294;
2289;
2304;
2279;
2319;
2298;
2292;
2304;
2281;
2310;
2291;
2291;
2307;
2277;
2313;
2292;
2284;
2310;
2281;
2306;
2296;
2287;
2308;
2277;
2309;
2299;
2283;
2306;
2283;
2299;
2301;
2289;
2314;
2279;
2305;
2300;
2283;
2311;
2287;
2305;
2304;
2285;
2314;
2280;
2302;
2305;
2282;
2306;
2286;
2294;
2308;
2287;
2308;
2283;
2302;
2307;
2281;
2305;
2282;
2295;
2314;
2287;
2299;
2284;
2299;
2305;
2271;
2317;
2297;
2287;
2303;
2282;
2309;
2287;
2288;
2311;
2277;
2313;
2304;
2281;
2307;
2279;
2306;
2293;
2294;
2307;
2276;
2308;
2300;
2286;
2306;
2283;
2303;
2292;
2286;
2318;
2281;
2300;
2305;
2287;
2311;
2278;
2305;
2302;
2277;
2317;
2286;
2295;
2311;
2279;
2319;
2283;
2294;
2303;
2281;
2312;
2285;
2302;
2309;
2280;
2311;
2283;
2298;
2309;
2279;
2310;
2296;
2290;
2309;
2281;
2307;
2289;
2293;
2307;
2275;
2305;
2297;
2285;
2313;
2277;
2303;
2296;
2291;
2302;
2279;
2311;
2297;
2285;
2316;
2275;
2308;
2293;
2284;
2306;
2276;
2312;
2303;
2281;
2316;
2277;
2300;
2292;
2279;
2314;
2278;
2311;
2294;
2282;
2316;
2276;
2300;
2307;
2281;
2311;
2288;
2301;
2305;
2277;
2319;
2287;
2300;
2308;
2277;
2321;
2283;
2292;
2311;
2277;
2311;
2287;
2294;
2309;
2273;
2319;
2284;
2294;
2308;
2278;
2310;
2292;
2289;
2304;
2280;
2319;
2293;
2290;
2314;
2278;
2312;
2289;
2294;
2312;
2283;
2308;
2294;
2290;
2314;
2278;
2310;
2295;
2283;
2309;
2279;
2309;
2298;
2285;
2311;
2279;
2303;
2300;
2279;
2313;
2280;
2305;
2303;
2279;
2311;
2280;
2306;
2303;
2277;
2314;
2284;
2293;
2307;
2280;
2311;
2281;
2305;
2311;
2269;
2318;
2280;
2296;
2307;
2282;
2319;
2280;
2294;
2307;
2277;
2315;
2292;
2291;
2306;
2282;
2312;
2286;
2283;
2314;
2271;
2311;
2295;
2291;
2306;
2276;
2313;
2295;
2279;
2313;
2280;
2310;
2296;
2286;
2317;
2274;
2313;
2299;
2284;
2315;
2279;
2308;
2297;
2287;
2314;
2278;
2308;
2303;
2279;
2315;
2285;
2303;
2300;
2284;
2319;
2279;
2301;
2305;
2277;
2313;
2289;
2296;
2303;
2278;
2319;
2282;
2298;
2313;
2271;
2315;
2287;
2296;
2303;
2273;
2323;
2282;
2291;
2313;
2282;
2312;
2282;
2299;
2311;
2278;
2316;
2286;
2286;
2311;
2285;
2312;
2287;
2288;
2316;
2274;
2306;
2298;
2286;
2309;
2281;
2309;
2294;
2282;
2309;
2275;
2307;
2295;
2285;
2318;
2279;
2308;
2292;
2289;
2319;
2276;
2304;
2302;
2280;
2321;
2276;
2303;
2302;
2281;
2321;
2281;
2299;
2299;
2279;
2315;
2283;
2295;
2311;
2279;
2314;
2284;
2296;
2303;
2277;
2313;
2282;
2289;
2313;
2270;
2314;
2292;
2291;
2313;
2278;
2317;
2289;
2290;
2309;
2284;
2313;
2282;
2291;
2315;
2273;
2314;
2299;
2281;
2317;
2279;
2310;
2290;
2283;
2307;
2276;
2311;
2293;
2286;
2319;
2275;
2309;
2296;
2283;
2316;
2275;
2306;
2300;
2280;
2314;
2279;
2308;
2303;
2281;
2311;
2279;
2304;
2295;
2277;
2315;
2282;
2301;
2303;
2278;
2313;
2283;
2297;
2301;
2283;
2313;
2287;
2302;
2308;
2278;
2317;
2294;
2297;
2305;
2277;
2313;
2287;
2290;
2309;
2279;
2317;
2281;
2294;
2302;
2275;
2313;
2281;
2292;
2309;
2274;
2315;
2289;
2291;
2307;
2276;
2313;
2284;
2290;
2311;
2280;
2309;
2298;
2278;
2311;
2284;
2310;
2295;
2279;
2312;
2280;
2307;
2295;
2287;
2311;
2277;
2310;
2295;
2277;
2313;
2282;
2303;
2298;
2283;
2312;
2280;
2306;
2301;
2280;
2312;
2287;
2295;
2303;
2283;
2307;
2293;
2299;
2308;
2275;
2310;
2287;
2294;
2302;
2281;
2311;
2291;
2295;
2301;
2280;
2315;
2291;
2294;
2307;
2282;
2311;
2288;
2295;
2306;
2282;
2307;
2291;
2287;
2309;
2283;
2303;
2296;
2287;
2308;
2280;
2309;
2298;
2294;
2310;
2283;
2305;
2295;
2287;
2312;
2282;
2304;
2294;
2289;
2307;
2277;
2301;
2294;
2291;
2316;
2279;
2303;
2299;
2291;
2306;
2285;
2299;
2300;
2291;
2312;
2280;
2299;
2303;
2280;
2315;
2282;
2298;
2307;
2289;
2308;
2282;
2296;
2300;
2290;
2313;
2282;
2301;
2302;
2280;
2310;
2293;
2291;
2305;
2284;
2313;
2280;
2297;
2312;
2279;
2309;
2299;
2287;
2301;
2290;
2307;
2283;
2299;
2307;
2282;
2306;
2288;
2295;
2301;
2283;
2305;
2286;
2288;
2311;
2284;
2306;
2296;
2291;
2303;
2285;
2310;
2293;
2289;
2307;
2288;
2301;
2295;
2291;
2309;
2285;
2302;
2296;
2290;
2308;
2287;
2301;
2300;
2287;
2303;
2291;
2297;
2295;
2289;
2303;
2289;
2302;
2300;
2289;
2306;
2288;
2296;
2306;
2285;
2310;
2291;
2291;
2309;
2287;
2299;
2292;
2298;
2303;
2295;
2295;
2298;
2297;
2302;
2292;
2289;
2304;
2292;
2295;
2300;
2299;
2295;
2295;
2298;
2291;
2291;
2297;
2302;
2299;
2294;
2296;
2294;
2290;
2300;
2299;
2295;
2297;
2296;
2293;
2298;
2295;
2301;
2293;
2303;
2296;
2290;
2294;
2305;
2291;
2289;
2302;
2303;
2298;
2291;
2298;
2295;
2294;
2303;
2299;
2296;
2293;
2299;
2294;
2297;
2304;
2298;
2294;
2293;
2293;
2294;
2291;
2299;
2297;
2295;
2295;
2298;
2297;
2295;
2298;
2296;
2296;
2300;
2294;
2300;
2293;
2296;
2293;
2293;
2304;
2309;
2295;
2291;
2303;
2290;
2290;
2300;
2291;
2300;
2294;
2297;
2298;
2284;
2303;
2291;
2290;
2301;
2289;
2294;
2296;
2303;
2297;
2282;
2305;
2297;
2290;
2302;
2287;
2299;
2292;
2300;
2303;
2280;
2309;
2296;
2289;
2307;
2290;
2306;
2293;
2290;
2308;
2283;
2296;
2303;
2291;
2303;
2290;
2298;
2297;
2280;
2312;
2290;
2295;
2303;
2288;
2307;
2291;
2300;
2299;
2285;
2310;
2291;
2292;
2306;
2287;
2303;
2294;
2299;
2310;
2283;
2311;
2294;
2292;
2306;
2287;
2306;
2295;
2290;
2316;
2280;
2306;
2292;
2295;
2306;
2280;
2306;
2295;
2290;
2308;
2283;
2303;
2299;
2282;
2315;
2283;
2301;
2300;
2284;
2308;
2285;
2302;
2311;
2286;
2308;
2283;
2300;
2306;
2281;
2313;
2286;
2302;
2307;
2281;
2305;
2288;
2297;
2300;
2288;
2310;
2284;
2296;
2307;
2276;
2305;
2298;
2290;
2307;
2290;
2304;
2298;
2290;
2305;
2283;
2306;
2293;
2288;
2310;
2279;
2303;
2302;
2279;
2305;
2281;
2303;
2298;
2288;
2312;
2280;
2300;
2303;
2284;
2314;
2286;
2297;
2309;
2280;
2308;
2292;
2299;
2306;
2284;
2306;
2283;
2300;
2307;
2277;
2310;
2295;
2285;
2310;
2286;
2316;
2284;
2297;
2303;
2275;
2307;
2292;
2291;
2308;
2285;
2302;
2294;
2297;
2311;
2283;
2310;
2294;
2292;
2308;
2281;
2303;
2297;
2273;
2319;
2283;
2295;
2315;
2285;
2308;
2283;
2298;
2303;
2278;
2309;
2286;
2295;
2308;
2282;
2313;
2287;
2297;
2308;
2276;
2316;
2292;
2291;
2312;
2283;
2311;
2279;
2298;
2313;
2274;
2308;
2295;
2290;
2312;
2283;
2311;
2288;
2289;
2310;
2275;
2305;
2298;
2286;
2312;
2279;
2310;
2301;
2281;
2318;
2275;
2303;
2306;
2284;
2316;
2282;
2306;
2301;
2276;
2319;
2282;
2295;
2304;
2283;
2316;
2277;
2303;
2310;
2278;
2317;
2284;
2292;
2309;
2279;
2314;
2290;
2298;
2318;
2281;
2311;
2289;
2291;
2316;
2275;
2309;
2299;
2285;
2318;
2275;
2306;
2294;
2287;
2319;
2271;
2311;
2292;
2281;
2316;
2273;
2309;
2307;
2284;
2320;
2282;
2301;
2300;
2283;
2313;
2286;
2306;
2303;
2277;
2319;
2279;
2296;
2315;
2287;
2319;
2281;
2304;
2298;
2278;
2313;
2286;
2294;
2316;
2280;
2316;
2293;
2288;
2311;
2274;
2307;
2290;
2291;
2300;
2277;
2307;
2293;
2291;
2303;
2275;
2308;
2298;
2287;
2309;
2275;
2305;
2288;
2281;
2321;
2277;
2304;
2297;
2286;
2313;
2273;
2305;
2302;
2274;
2311;
2284;
2310;
2306;
2284;
2314;
2279;
2301;
2311;
2273;
2322;
2280;
2295;
2313;
2276;
2316;
2292;
2291;
2318;
2275;
2310;
2286;
2292;
2317;
2272;
2315;
2285;
2284;
2322;
2275;
2310;
2297;
2285;
2313;
2271;
2307;
2294;
2283;
2317;
2271;
2309;
2295;
2285;
2313;
2279;
2307;
2302;
2280;
2322;
2278;
2305;
2307;
2281;
2319;
2276;
2301;
2308;
2272;
2314;
2279;
2302;
2308;
2275;
2319;
2282;
2302;
2311;
2271;
2319;
2284;
2297;
2314;
2280;
2310;
2288;
2289;
2313;
2277;
2317;
2289;
2287;
2318;
2276;
2304;
2292;
2289;
2316;
2269;
2312;
2293;
2284;
2319;
2277;
2300;
2298;
2282;
2317;
2283;
2310;
2300;
2284;
2316;
2279;
2303;
2301;
2276;
2320;
2279;
2300;
2305;
2284;
2317;
2275;
2295;
2301;
2282;
2315;
2288;
2294;
2308;
2281;
2317;
2279;
2289;
2320;
2273;
2309;
2288;
2290;
2310;
2273;
2310;
2292;
2285;
2316;
2279;
2310;
2299;
2283;
2313;
2278;
2310;
2297;
2290;
2317;
2279;
2303;
2301;
2283;
2312;
2281;
2299;
2305;
2277;
2318;
2278;
2311;
2298;
2279;
2310;
2281;
2302;
2300;
2279;
2319;
2283;
2295;
2306;
2282;
2316;
2288;
2295;
2303;
2272;
2312;
2287;
2291;
2307;
2276;
2308;
2282;
2293;
2318;
2274;
2316;
2288;
2281;
2315;
2280;
2314;
2290;
2292;
2311;
2273;
2313;
2293;
2278;
2321;
2279;
2304;
2295;
2290;
2313;
2278;
2307;
2301;
2277;
2313;
2281;
2302;
2303;
2276;
2317;
2283;
2304;
2301;
2286;
2317;
2281;
2304;
2306;
2271;
2321;
2280;
2286;
2310;
2282;
2312;
2286;
2294;
2309;
2278;
2314;
2287;
2294;
2313;
2275;
2307;
2293;
2293;
2312;
2281;
2309;
2288;
2294;
2314;
2280;
2309;
2292;
2280;
2317;
2280;
2303;
2302;
2288;
2317;
2275;
2303;
2303;
2276;
2323;
2281;
2297;
2302;
2286;
2313;
2280;
2309;
2295;
2278;
2322;
2281;
2298;
2303;
2274;
2314;
2279;
2291;
2299;
2289;
2314;
2283;
2293;
2300;
2276;
2314;
2286;
2294;
2314;
2277;
2308;
2292;
2293;
2310;
2276;
2317;
2285;
2290;
2310;
2284;
2308;
2295;
2279;
2308;
2283;
2311;
2289;
2285;
2315;
2279;
2303;
2291;
2286;
2316;
2279;
2303;
2301;
2276;
2310;
2286;
2311;
2304;
2273;
2315;
2289;
2302;
2298;
2287;
2320;
2279;
2292;
2307;
2279;
2314;
2283;
2296;
2305;
2277;
2315;
2287;
2287;
2312;
2278;
2310;
2294;
2296;
2305;
2281;
2318;
2286;
2289;
2311;
2279;
2311;
2290;
2289;
2306;
2275;
2307;
2295;
2285;
2311;
2280;
2309;
2294;
2281;
2306;
2283;
2303;
2292;
2289;
2311;
2279;
2300;
2293;
2286;
2307;
2282;
2306;
2292;
2285;
2317;
2284;
2295;
2301;
2279;
2315;
2283;
2303;
2304;
2278;
2316;
2284;
2297;
2306;
2284;
2310;
2284;
2293;
2303;
2283;
2315;
2289;
2297;
2309;
2281;
2311;
2284;
2293;
2317;
2284;
2317;
2293;
2285;
2307;
2285;
2311;
2281;
2292;
2315;
2276;
2301;
2293;
2285;
2311;
2275;
2307;
2305;
2286;
2307;
2283;
2305;
2298;
2284;
2311;
2286;
2302;
2303;
2287;
2312;
2286;
2295;
2306;
2285;
2314;
2283;
2295;
2298;
2281;
2316;
2279;
2293;
2309;
2276;
2319;
2283;
2294;
2304;
2284;
2307;
2278;
2299;
2311;
2280;
2306;
2293;
2292;
2310;
2281;
2314;
2283;
2288;
2313;
2275;
2311;
2289;
2286;
2310;
2281;
2309;
2291;
2291;
2315;
2278;
2307;
2295;
2279;
2319;
2281;
2307;
2295;
2279;
2317;
2285;
2302;
2296;
2288;
2313;
2278;
2303;
2301;
2284;
2310;
2287;
2299;
2299;
2280;
2312;
2285;
2305;
2302;
2286;
2312;
2287;
2298;
2303;
2279;
2319;
2282;
2289;
2308;
2281;
2307;
2293;
2295;
2314;
2279;
2310;
2290;
2290;
2313;
2286;
2312;
2292;
2289;
2312;
2283;
2304;
2294;
2289;
2310;
2281;
2311;
2297;
2287;
2310;
2276;
2301;
2291;
2291;
2319;
2279;
2297;
2302;
2289;
2310;
2279;
2307;
2303;
2278;
2314;
2283;
2298;
2302;
2280;
2313;
2279;
2301;
2301;
2286;
2317;
2279;
2291;
2303;
2280;
2306;
2282;
2295;
2305;
2278;
2314;
2285;
2289;
2307;
2281;
2315;
2284;
2294;
2316;
2277;
2307;
2296;
2289;
2301;
2282;
2313;
2290;
2288;
2310;
2279;
2314;
2289;
2290;
2316;
2272;
2306;
2300;
2287;
2308;
2288;
2306;
2290;
2285;
2309;
2271;
2315;
2299;
2279;
2313;
2286;
2300;
2292;
2289;
2313;
2275;
2294;
2303;
2286;
2311;
2286;
2304;
2298;
2271;
2323;
2280;
2297;
2303;
2286;
2310;
2282;
2308;
2305;
2275;
2321;
2281;
2286;
2304;
2281;
2314;
2286;
2298;
2307;
2274;
2311;
2284;
2295;
2315;
2283;
2315;
2279;
2296;
2316;
2274;
2310;
2293;
2291;
2305;
2284;
2319;
2290;
2288;
2319;
2276;
2304;
2295;
2286;
2314;
2275;
2319;
2295;
2280;
2314;
2282;
2303;
2298;
2288;
2318;
2276;
2305;
2299;
2279;
2322;
2278;
2302;
2289;
2291;
2319;
2274;
2309;
2305;
2274;
2319;
2281;
2302;
2299;
2282;
2323;
2277;
2295;
2308;
2282;
2313;
2279;
2302;
2301;
2278;
2315;
2289;
2295;
2310;
2281;
2311;
2278;
2298;
2311;
2270;
2321;
2287;
2283;
2318;
2281;
2310;
2285;
2295;
2315;
2271;
2311;
2294;
2286;
2314;
2282;
2311;
2292;
2286;
2315;
2277;
2313;
2299;
2284;
2319;
2283;
2316;
2292;
2277;
2321;
2274;
2308;
2295;
2284;
2310;
2278;
2313;
2298;
2279;
2318;
2284;
2301;
2296;
2280;
2315;
2283;
2306;
2300;
2279;
2314;
2280;
2302;
2307;
2280;
2315;
2276;
2300;
2308;
2279;
2314;
2285;
2293;
2305;
2279;
2321;
2278;
2295;
2314;
2275;
2311;
2286;
2295;
2303;
2274;
2318;
2291;
2287;
2313;
2275;
2312;
2291;
2287;
2319;
2276;
2309;
2294;
2293;
2317;
2271;
2314;
2290;
2284;
2316;
2274;
2312;
2300;
2275;
2314;
2282;
2305;
2295;
2291;
2310;
2278;
2312;
2298;
2276;
2319;
2277;
2303;
2304;
2285;
2312;
2278;
2305;
2299;
2279;
2318;
2289;
2297;
2307;
2275;
2318;
2278;
2297;
2310;
2274;
2316;
2284;
2298;
2301;
2283;
2318;
2279;
2295;
2315;
2273;
2314;
2289;
2290;
2303;
2286;
2318;
2285;
2287;
2319;
2271;
2315;
2299;
2287;
2311;
2273;
2314;
2287;
2283;
2318;
2275;
2305;
2296;
2286;
2311;
2278;
2318;
2299;
2291;
2321;
2273;
2306;
2296;
2283;
2311;
2277;
2305;
2300;
2289;
2319;
2275;
2304;
2301;
2283;
2319;
2273;
2309;
2307;
2277;
2329;
2284;
2299;
2306;
2285;
2309;
2281;
2310;
2302;
2273;
2320;
2277;
2295;
2312;
2287;
2314;
2284;
2297;
2306;
2280;
2313;
2287;
2295;
2303;
2283;
2311;
2288;
2290;
2311;
2273;
2314;
2293;
2289;
2311;
2275;
2307;
2291;
2288;
2317;
2270;
2312;
2295;
2290;
2312;
2278;
2315;
2291;
2290;
2319;
2272;
2306;
2296;
2279;
2314;
2278;
2311;
2295;
2285;
2319;
2276;
2306;
2296;
2281;
2312;
2277;
2302;
2305;
2277;
2313;
2284;
2294;
2301;
2282;
2309;
2285;
2300;
2311;
2282;
2311;
2287;
2296;
2303;
2283;
2308;
2285;
2299;
2308;
2284;
2315;
2279;
2300;
2301;
2281;
2308;
2279;
2302;
2304;
2278;
2310;
2286;
2302;
2305;
2289;
2305;
2282;
2298;
2308;
2279;
2316;
2284;
2302;
2303;
2283;
2317;
2280;
2299;
2307;
2284;
2309;
2282;
2300;
2303;
2287;
2307;
2287;
2291;
2309;
2276;
2310;
2288;
2290;
2308;
2277;
2311;
2292;
2290;
2313;
2279;
2306;
2292;
2294;
2305;
2271;
2311;
2297;
2285;
2313;
2276;
2305;
2295;
2292;
2311;
2278;
2310;
2294;
2291;
2311;
2275;
2314;
2293;
2284;
2311;
2280;
2306;
2290;
2292;
2311;
2279;
2302;
2307;
2283;
2308;
2283;
2309;
2294;
2291;
2308;
2286;
2297;
2300;
2280;
2305;
2295;
2294;
2311;
2279;
2305;
2300;
2295;
2304;
2283;
2308;
2282;
2287;
2310;
2279;
2307;
2296;
2282;
2306;
2283;
2305;
2289;
2287;
2309;
2277;
2300;
2300;
2289;
2303;
2287;
2303;
2295;
2284;
2307;
2287;
2302;
2303;
2284;
2303;
2292;
2306;
2300;
2288;
2309;
2287;
2300;
2301;
2286;
2303;
2289;
2303;
2298;
2283;
2305;
2286;
2302;
2298;
2289;
2301;
2287;
2302;
2300;
2287;
2307;
2295;
2291;
2299;
2286;
2301;
2290;
2285;
2310;
2287;
2294;
2302;
2292;
2300;
2296;
2298;
2294;
2290;
2293;
2294;
2293;
2296;
2298;
2294;
2297;
2296;
2295;
2300;
2296;
2287;
2297;
2300;
2293;
2299;
2297;
2292;
2293;
2294;
2301;
2297;
2296;
2297;
2293;
2295;
2294;
2298;
2293;
2295;
2300;
2297;
2295;
2293;
2299;
2295;
2295;
2300;
2298;
2298;
2300;
2296;
2294;
2297;
2300;
2298;
2305;
2295;
2299;
2292;
2296;
2290;
2298;
2297;
2294;
2299;
2294;
2296;
2295;
2295;
2297;
2295;
2289;
2294;
2297;
2292;
2295;
2299;
2297;
2297;
2297;
2302;
2299;
2298;
2302;
2297;
2295;
2306;
2289;
2300;
2293;
2291;
2296;
2288;
2303;
2293;
2293;
2303;
2293;
2304;
2297;
2295;
2303;
2284;
2300;
2294;
2293;
2306;
2290;
2300;
2293;
2292;
2307;
2290;
2304;
2299;
2289;
2303;
2290;
2298;
2288;
2291;
2303;
2281;
2298;
2303;
2290;
2301;
2289;
2306;
2294;
2291;
2312;
2284;
2298;
2301;
2293;
2302;
2292;
2301;
2302;
2291;
2309;
2289;
2296;
2304;
2286;
2300;
2289;
2302;
2304;
2282;
2306;
2290;
2293;
2314;
2291;
2301;
2294;
2287;
2310;
2284;
2307;
2294;
2291;
2310;
2289;
2303;
2299;
2291;
2307;
2285;
2306;
2295;
2285;
2311;
2286;
2300;
2299;
2291;
2312;
2280;
2294;
2300;
2285;
2311;
2283;
2300;
2299;
2287;
2307;
2294;
2291;
2307;
2285;
2309;
2289;
2295;
2305;
2283;
2315;
2289;
2294;
2311;
2278;
2307;
2295;
2295;
2305;
2287;
2303;
2294;
2283;
2313;
2284;
2302;
2294;
2291;
2310;
2279;
2299;
2304;
2280;
2307;
2289;
2299;
2295;
2290;
2319;
2276;
2300;
2301;
2277;
2314;
2286;
2295;
2297;
2290;
2311;
2285;
2296;
2302;
2285;
2311;
2289;
2298;
2306;
2280;
2308;
2293;
2285;
2311;
2290;
2302;
2288;
2299;
2311;
2272;
2312;
2292;
2281;
2315;
2286;
2305;
2294;
2288;
2312;
2281;
2303;
2300;
2286;
2313;
2286;
2308;
2295;
2283;
2314;
2286;
2300;
2295;
2289;
2302;
2287;
2302;
2303;
2279;
2319;
2293;
2291;
2302;
2285;
2305;
2289;
2295;
2312;
2278;
2321;
2291;
2293;
2308;
2284;
2314;
2287;
2299;
2316;
2271;
2313;
2288;
2287;
2309;
2282;
2307;
2291;
2284;
2314;
2275;
2305;
2295;
2284;
2318;
2274;
2307;
2293;
2283;
2317;
2280;
2295;
2301;
2280;
2311;
2280;
2301;
2304;
2278;
2314;
2283;
2295;
2309;
2280;
2315;
2287;
2293;
2311;
2277;
2312;
2289;
2286;
2309;
2275;
2319;
2283;
2291;
2318;
2279;
2310;
2293;
2290;
2311;
2274;
2314;
2296;
2283;
2318;
2274;
2305;
2292;
2286;
2310;
2276;
2304;
2294;
2281;
2314;
2287;
2303;
2298;
2277;
2318;
2289;
2297;
2311;
2270;
2315;
2295;
2283;
2311;
2282;
2309;
2288;
2284;
2307;
2275;
2306;
2299;
2286;
2312;
2279;
2316;
2287;
2286;
2314;
2282;
2309;
2289;
2293;
2309;
2282;
2313;
2290;
2289;
2317;
2268;
2313;
2295;
2283;
2320;
2281;
2305;
2302;
2281;
2318;
2275;
2308;
2299;
2280;
2322;
2283;
2306;
2300;
2281;
2311;
2279;
2302;
2299;
2282;
2317;
2275;
2303;
2310;
2278;
2316;
2279;
2294;
2304;
2277;
2312;
2281;
2295;
2301;
2279;
2316;
2283;
2293;
2315;
2265;
2317;
2285;
2293;
2314;
2267;
2316;
2289;
2289;
2316;
2272;
2314;
2287;
2295;
2306;
2273;
2316;
2288;
2286;
2318;
2267;
2310;
2293;
2294;
2309;
2277;
2305;
2293;
2284;
2312;
2273;
2315;
2294;
2285;
2315;
2280;
2306;
2298;
2280;
2318;
2285;
2304;
2295;
2282;
2326;
2277;
2305;
2301;
2282;
2319;
2279;
2298;
2301;
2280;
2320;
2279;
2300;
2306;
2277;
2318;
2285;
2301;
2303;
2277;
2322;
2286;
2292;
2309;
2283;
2310;
2278;
2300;
2311;
2273;
2316;
2274;
2295;
2311;
2274;
2311;
2284;
2294;
2311;
2276;
2315;
2291;
2292;
2308;
2279;
2308;
2287;
2289;
2313;
2278;
2311;
2295;
2284;
2307;
2274;
2310;
2291;
2289;
2311;
2279;
2304;
2293;
2279;
2313;
2280;
2300;
2299;
2279;
2316;
2288;
2304;
2299;
2286;
2311;
2284;
2301;
2302;
2290;
2313;
2286;
2301;
2305;
2276;
2310;
2282;
2295;
2297;
2282;
2311;
2283;
2299;
2308;
2282;
2313;
2287;
2296;
2308;
2283;
2315;
2284;
2298;
2298;
2282;
2309;
2292;
2293;
2306;
2278;
2309;
2294;
2284;
2308;
2281;
2306;
2289;
2293;
2303;
2282;
2318;
2289;
2290;
2320;
2287;
2304;
2293;
2283;
2302;
2287;
2310;
2287;
2293;
2312;
2285;
2303;
2295;
2291;
2301;
2285;
2299;
2291;
2293;
2312;
2289;
2304;
2295;
2285;
2315;
2287;
2298;
2305;
2282;
2311;
2287;
2293;
2303;
2288;
2311;
2289;
2297;
2304;
2288;
2309;
2294;
2294;
2305;
2285;
2309;
2287;
2290;
2307;
2279;
2306;
2294;
2294;
2305;
2287;
2310;
2295;
2291;
2311;
2283;
2305;
2297;
2289;
2307;
2284;
2296;
2295;
2291;
2308;
2288;
2300;
2290;
2286;
2305;
2291;
2295;
2297;
2294;
2305;
2295;
2291;
2304;
2291;
2298;
2295;
2297;
2298;
2298;
2301;
2294;
2289;
2297;
2295;
2296;
2301;
2299;
2297;
2297;
2294;
2294;
2296;
2297;
2295;
2294;
2293;
2295;
2294;
2299;
2296;
2299;
2296;
2299;
2300;
2291;
2297;
2295;
2297;
2293;
2294;
2298;
2296;
2300;
2295;
2296;
2295;
2300;
2296;
2292;
2291;
2295;
2293;
2291;
2300;
2297;
2295;
2295;
2298;
2297;
2297;
2295;
2299;
2293;
2300;
2296;
2295;
2300;
2296;
2293;
2296;
2292;
2298;
2300;
2292;
2297;
2294;
2295;
2304;
2294;
2292;
2295;
2297;
2288;
2294;
2295;
2297;
2299;
2293;
2303;
2291;
2292;
2306;
2287;
2299;
2299;
2292;
2302;
2286;
2302;
2293;
2290;
2305;
2294;
2291;
2302;
2296;
2301;
2294;
2299;
2302;
2290;
2306;
2290;
2295;
2303;
2292;
2303;
2294;
2293;
2301;
2282;
2304;
2289;
2291;
2304;
2287;
2302;
2291;
2297;
2305;
2288;
2308;
2297;
2287;
2303;
2287;
2307;
2294;
2292;
2311;
2285;
2300;
2305;
2290;
2300;
2287;
2302;
2300;
2283;
2306;
2289;
2300;
2295;
2293;
2309;
2286;
2303;
2299;
2285;
2316;
2287;
2298;
2303;
2279;
2305;
2287;
2298;
2306;
2282;
2310;
2292;
2289;
2302;
2282;
2303;
2288;
2295;
2309;
2275;
2301;
2298;
2293;
2303;
2286;
2307;
2291;
2294;
2309;
2277;
2298;
2301;
2287;
2303;
2284;
2304;
2301;
2294;
2303;
2289;
2290;
2303;
2285;
2306;
2282;
2302;
2296;
2277;
2311;
2284;
2298;
2301;
2283;
2303;
2286;
2291;
2305;
2281;
2311;
2287;
2295;
2300;
2278;
2316;
2282;
2297;
2310;
2289;
2302;
2297;
2299;
2303;
2281;
2311;
2292;
2289;
2309;
2284;
2304;
2295;
2287;
2309;
2281;
2301;
2306;
2286;
2309;
2280;
2304;
2296;
2288;
2312;
2277;
2299;
2305;
2277;
2311;
2293;
2295;
2298;
2286;
2310;
2278;
2295;
2311;
2283;
2305;
2287;
2291;
2306;
2281;
2308;
2289;
2289;
2313;
2282;
2303;
2294;
2288;
2313;
2276;
2308;
2298;
2287;
2311;
2283;
2305;
2293;
2291;
2314;
2273;
2307;
2295;
2279;
2314;
2274;
2309;
2303;
2289;
2312;
2276;
2303;
2295;
2286;
2309;
2286;
2301;
2300;
2279;
2313;
2279;
2298;
2311;
2281;
2307;
2289;
2293;
2313;
2279;
2307;
2292;
2287;
2304;
2279;
2312;
2289;
2293;
2307;
2280;
2311;
2294;
2289;
2319;
2276;
2309;
2297;
2287;
2315;
2273;
2308;
2298;
2280;
2319;
2273;
2306;
2301;
2282;
2321;
2274;
2309;
2303;
2276;
2319;
2287;
2301;
2306;
2281;
2315;
2274;
2303;
2303;
2280;
2317;
2285;
2297;
2310;
2279;
2308;
2287;
2294;
2314;
2274;
2311;
2287;
2298;
2296;
2265;
2316;
2295;
2289;
2307;
2280;
2311;
2277;
2300;
2310;
2275;
2311;
2302;
2282;
2311;
2283;
2304;
2291;
2290;
2311;
2267;
2308;
2295;
2287;
2315;
2289;
2306;
2298;
2285;
2311;
2293;
2303;
2295;
2290;
2315;
2272;
2301;
2307;
2277;
2319;
2283;
2294;
2310;
2287;
2311;
2285;
2302;
2303;
2275;
2316;
2291;
2295;
2309;
2280;
2307;
2287;
2299;
2307;
2271;
2308;
2285;
2289;
2314;
2279;
2301;
2301;
2287;
2311;
2276;
2308;
2297;
2284;
2319;
2273;
2305;
2302;
2282;
2311;
2280;
2299;
2305;
2280;
2311;
2286;
2304;
2303;
2281;
2315;
2276;
2293;
2315;
2273;
2309;
2287;
2292;
2307;
2273;
2319;
2279;
2293;
2312;
2280;
2314;
2293;
2295;
2313;
2271;
2311;
2283;
2291;
2321;
2270;
2313;
2290;
2287;
2315;
2276;
2310;
2298;
2287;
2316;
2273;
2309;
2300;
2291;
2314;
2276;
2303;
2308;
2275;
2319;
2277;
2299;
2300;
2279;
2314;
2277;
2302;
2307;
2280;
2314;
2286;
2298;
2308;
2275;
2314;
2286;
2299;
2304;
2273;
2315;
2284;
2292;
2315;
2273;
2314;
2288;
2300;
2309;
2277;
2307;
2287;
2285;
2315;
2275;
2307;
2290;
2290;
2308;
2274;
2308;
2292;
2286;
2314;
2281;
2307;
2300;
2283;
2314;
2279;
2302;
2301;
2278;
2317;
2281;
2303;
2299;
2281;
2316;
2281;
2301;
2306;
2276;
2310;
2282;
2291;
2303;
2281;
2314;
2281;
2295;
2316;
2284;
2316;
2289;
2291;
2312;
2277;
2313;
2293;
2284;
2308;
2277;
2309;
2290;
2291;
2316;
2276;
2314;
2299;
2286;
2315;
2281;
2309;
2290;
2286;
2314;
2282;
2300;
2299;
2287;
2317;
2277;
2301;
2301;
2287;
2313;
2274;
2301;
2296;
2280;
2311;
2283;
2296;
2304;
2281;
2319;
2283;
2292;
2308;
2287;
2311;
2281;
2295;
2302;
2278;
2320;
2284;
2290;
2314;
2275;
2310;
2286;
2295;
2305;
2272;
2313;
2295;
2287;
2307;
2282;
2311;
2293;
2284;
2309;
2283;
2309;
2293;
2283;
2315;
2281;
2304;
2301;
2284;
2317;
2280;
2303;
2299;
2288;
2319;
2278;
2301;
2296;
2281;
2317;
2281;
2303;
2305;
2277;
2310;
2280;
2292;
2304;
2282;
2316;
2286;
2295;
2302;
2279;
2311;
2286;
2293;
2311;
2273;
2304;
2292;
2296;
2307;
2277;
2310;
2285;
2292;
2307;
2278;
2313;
2292;
2284;
2313;
2287;
2303;
2291;
2290;
2313;
2273;
2307;
2298;
2279;
2317;
2278;
2309;
2295;
2287;
2311;
2280;
2309;
2295;
2281;
2321;
2284;
2302;
2303;
2279;
2307;
2286;
2302;
2302;
2279;
2318;
2281;
2292;
2302;
2288;
2313;
2286;
2295;
2306;
2283;
2307;
2292;
2295;
2310;
2277;
2312;
2288;
2291;
2306;
2279;
2314;
2291;
2284;
2314;
2283;
2309;
2291;
2289;
2312;
2276;
2313;
2292;
2284;
2317;
2271;
2301;
2296;
2288;
2311;
2272;
2306;
2293;
2283;
2318;
2282;
2301;
2299;
2281;
2311;
2286;
2301;
2303;
2288;
2309;
2288;
2303;
2302;
2281;
2314;
2285;
2294;
2307;
2275;
2307;
2292;
2303;
2300;
2276;
2315;
2283;
2291;
2315;
2285;
2314;
2287;
2295;
2307;
2280;
2307;
2290;
2294;
2311;
2282;
2310;
2288;
2293;
2313;
2274;
2306;
2301;
2282;
2312;
2286;
2302;
2293;
2279;
2312;
2283;
2294;
2305;
2281;
2313;
2275;
2300;
2299;
2286;
2317;
2277;
2296;
2301;
2281;
2311;
2288;
2302;
2307;
2275;
2311;
2287;
2303;
2299;
2280;
2315;
2286;
2291;
2312;
2271;
2310;
2291;
2284;
2305;
2283;
2310;
2287;
2289;
2312;
2276;
2307;
2287;
2288;
2311;
2284;
2308;
2287;
2281;
2311;
2290;
2303;
2300;
2296;
2309;
2278;
2305;
2295;
2279;
2317;
2287;
2297;
2301;
2287;
2311;
2276;
2311;
2296;
2281;
2310;
2279;
2298;
2301;
2279;
2311;
2283;
2303;
2306;
2279;
2310;
2294;
2291;
2302;
2289;
2317;
2284;
2294;
2311;
2274;
2307;
2295;
2301;
2305;
2279;
2318;
2278;
2290;
2293;
2295;
2300;
2293;
2296;
2297;
2290;
2298;
2297;
2295;
2293;
2299;
2295;
2294;
2298;
2299;
2288;
2293;
2302;
2298;
2295;
2295;
2292;
2302;
2295;
2302;
2298;
2298;
2297;
2299;
2294;
2296;
2302;
2295;
2299;
2294;
2297;
2294;
2298;
2295;
2297;
2299;
2292;
2293;
2294;
2298;
2294;
2295;
2295;
2296;
2293;
2299;
2298;
2301;
2288;
2295;
2293;
2294;
2292;
2299;
2292;
2306;
2296;
2291;
2302;
2286;
2305;
2298;
2294;
2299;
2292;
2297;
2299;
2289;
2298;
2285;
2301;
2297;
2289;
2306;
2294;
2297;
2299;
2292;
2297;
2293;
2298;
2302;
2281;
2308;
2287;
2297;
2306;
2293;
2305;
2290;
2300;
2303;
2287;
2308;
2298;
2292;
2303;
2286;
2302;
2294;
2289;
2307;
2286;
2304;
2295;
2287;
2305;
2286;
2302;
2301;
2286;
2308;
2285;
2298;
2299;
2291;
2306;
2282;
2300;
2298;
2286;
2309;
2286;
2303;
2307;
2282;
2309;
2285;
2306;
2302;
2286;
2310;
2293;
2297;
2309;
2282;
2311;
2289;
2302;
2304;
2281;
2310;
2290;
2292;
2310;
2283;
2310;
2294;
2293;
2308;
2279;
2311;
2296;
2286;
2310;
2280;
2310;
2289;
2294;
2312;
2274;
2303;
2299;
2290;
2312;
2287;
2304;
2292;
2286;
2305;
2284;
2306;
2298;
2284;
2306;
2282;
2302;
2305;
2282;
2307;
2286;
2297;
2301;
2288;
2303;
2284;
2308;
2299;
2281;
2311;
2294;
2282;
2310;
2286;
2309;
2292;
2299;
2308;
2281;
2308;
2285;
2292;
2311;
2277;
2297;
2307;
2290;
2313;
2282;
2300;
2298;
2290;
2311;
2279;
2306;
2296;
2285;
2307;
2285;
2299;
2311;
2287;
2305;
2285;
2301;
2297;
2283;
2313;
2290;
2299;
2303;
2281;
2310;
2292;
2291;
2307;
2280;
2299;
2286;
2293;
2311;
2279;
2311;
2285;
2294;
2314;
2277;
2311;
2295;
2292;
2307;
2273;
2304;
2296;
2287;
2313;
2276;
2305;
2301;
2287;
2313;
2281;
2303;
2302;
2281;
2312;
2276;
2302;
2302;
2279;
2315;
2282;
2299;
2299;
2280;
2316;
2281;
2301;
2311;
2280;
2311;
2282;
2296;
2309;
2283;
2314;
2287;
2299;
2311;
2278;
2320;
2283;
2292;
2318;
2272;
2308;
2289;
2292;
2314;
2281;
2312;
2289;
2289;
2314;
2270;
2305;
2295;
2288;
2310;
2282;
2307;
2300;
2283;
2316;
2276;
2303;
2305;
2280;
2316;
2281;
2298;
2302;
2274;
2315;
2278;
2303;
2306;
2274;
2322;
2281;
2299;
2306;
2281;
2304;
2283;
2302;
2295;
2282;
2313;
2282;
2295;
2313;
2277;
2307;
2291;
2296;
2306;
2278;
2307;
2292;
2292;
2309;
2279;
2309;
2295;
2289;
2315;
2279;
2307;
2287;
2290;
2312;
2275;
2316;
2288;
2286;
2317;
2273;
2310;
2300;
2289;
2310;
2281;
2306;
2297;
2284;
2319;
2288;
2306;
2296;
2284;
2313;
2277;
2302;
2308;
2291;
2313;
2289;
2298;
2300;
2282;
2319;
2281;
2297;
2309;
2285;
2310;
2282;
2301;
2303;
2277;
2313;
2285;
2290;
2314;
2279;
2312;
2281;
2295;
2308;
2274;
2306;
2301;
2285;
2305;
2281;
2304;
2292;
2283;
2329;
2275;
2303;
2307;
2282;
2314;
2277;
2304;
2303;
2285;
2317;
2281;
2295;
2311;
2283;
2315;
2279;
2299;
2305;
2278;
2322;
2285;
2292;
2307;
2281;
2315;
2284;
2293;
2314;
2275;
2313;
2287;
2287;
2313;
2277;
2309;
2288;
2294;
2322;
2267;
2310;
2297;
2291;
2316;
2272;
2316;
2293;
2279;
2318;
2273;
2300;
2304;
2278;
2313;
2280;
2300;
2303;
2281;
2319;
2273;
2304;
2303;
2281;
2317;
2277;
2302;
2303;
2279;
2311;
2280;
2297;
2307;
2275;
2314;
2279;
2296;
2303;
2275;
2315;
2286;
2294;
2308;
2276;
2317;
2286;
2286;
2309;
2272;
2310;
2289;
2292;
2319;
2276;
2311;
2291;
2284;
2318;
2278;
2308;
2296;
2285;
2319;
2280;
2304;
2296;
2289;
2316;
2275;
2299;
2299;
2289;
2319;
2274;
2302;
2306;
2282;
2319;
2277;
2302;
2303;
2277;
2311;
2286;
2298;
2306;
2273;
2307;
2287;
2297;
2315;
2273;
2310;
2286;
2294;
2309;
2273;
2307;
2291;
2294;
2315;
2276;
2313;
2291;
2288;
2313;
2279;
2303;
2292;
2291;
2317;
2270;
2307;
2296;
2285;
2311;
2280;
2309;
2299;
2282;
2316;
2272;
2309;
2291;
2283;
2316;
2283;
2302;
2305;
2284;
2316;
2284;
2305;
2303;
2281;
2316;
2278;
2292;
2310;
2281;
2313;
2286;
2299;
2311;
2281;
2311;
2288;
2293;
2308;
2273;
2323;
2289;
2292;
2313;
2273;
2311;
2287;
2290;
2313;
2285;
2310;
2287;
2294;
2313;
2277;
2313;
2294;
2289;
2315;
2280;
2313;
2293;
2287;
2315;
2287;
2302;
2299;
2286;
2312;
2286;
2303;
2303;
2280;
2318;
2289;
2303;
2298;
2278;
2317;
2287;
2305;
2303;
2281;
2314;
2282;
2301;
2303;
2285;
2320;
2285;
2298;
2306;
2277;
2311;
2289;
2290;
2307;
2278;
2314;
2293;
2290;
2308;
2283;
2313;
2287;
2288;
2310;
2283;
2310;
2290;
2287;
2311;
2278;
2303;
2293;
2290;
2319;
2280;
2305;
2300;
2281;
2311;
2279;
2305;
2297;
2279;
2320;
2279;
2298;
2301;
2280;
2312;
2292;
2302;
2301;
2283;
2314;
2282;
2298;
2311;
2282;
2309;
2289;
2300;
2302;
2279;
2315;
2285;
2292;
2306;
2285;
2312;
2287;
2290;
2309;
2278;
2309;
2279;
2286;
2317;
2275;
2307;
2293;
2295;
2311;
2280;
2310;
2289;
2288;
2309;
2284;
2305;
2289;
2286;
2322;
2274;
2308;
2292;
2278;
2318;
2280;
2301;
2297;
2289;
2313;
2277;
2308;
2299;
2273;
2311;
2283;
2294;
2310;
2286;
2311;
2285;
2302;
2307;
2274;
2315;
2289;
2292;
2313;
2284;
2308;
2283;
2295;
2305;
2279;
2313;
2283;
2294;
2311;
2282;
2309;
2289;
2293;
2310;
2276;
2313;
2290;
2281;
2315;
2282;
2305;
2289;
2289;
2308;
2274;
2312;
2291;
2284;
2319;
2279;
2299;
2299;
2289;
2310;
2280;
2307;
2296;
2281;
2312;
2284;
2301;
2300;
2284;
2315;
2279;
2299;
2299;
2288;
2316;
2277;
2297;
2308;
2278;
2316;
2290;
2295;
2301;
2284;
2306;
2289;
2294;
2310;
2278;
2314;
2282;
2294;
2305;
2283;
2317;
2286;
2291;
2308;
2285;
2310;
2285;
2300;
2314;
2277;
2307;
2290;
2287;
2310;
2284;
2305;
2294;
2287;
2311;
2285;
2304;
2292;
2292;
2315;
2273;
2297;
2298;
2283;
2311;
2279;
2300;
2301;
2283;
2310;
2285;
2299;
2299;
2281;
2320;
2284;
2300;
2306;
2278;
2314;
2290;
2293;
2299;
2281;
2312;
2286;
2295;
2306;
2282;
2316;
2283;
2298;
2302;
2283;
2306;
2293;
2295;
2306;
2282;
2315;
2287;
2283;
2309;
2281;
2315;
2291;
2283;
2317;
2279;
2296;
2297;
2290;
2303;
2284;
2314;
2293;
2282;
2312;
2280;
2299;
2301;
2284;
2312;
2281;
2305;
2293;
2285;
2317;
2274;
2303;
2305;
2283;
2320;
2282;
2293;
2305;
2285;
2315;
2289;
2299;
2296;
2282;
2315;
2287;
2301;
2307;
2278;
2320;
2287;
2290;
2305;
2285;
2316;
2286;
2292;
2314;
2276;
2311;
2292;
2292;
2314;
2282;
2311;
2290;
2288;
2308;
2289;
2309;
2287;
2292;
2313;
2282;
2303;
2295;
2284;
2315;
2283;
2307;
2291;
2287;
2313;
2285;
2303;
2302;
2285;
2314;
2283;
2302;
2303;
2285;
2311;
2288;
2295;
2308;
2284;
2315;
2282;
2301;
2305;
2285;
2311;
2286;
2298;
2306;
2275;
2311;
2292;
2299;
2302;
2284;
2311;
2282;
2298;
2311;
2272;
2307;
2295;
2289;
2310;
2279;
2311;
2288;
2294;
2311;
2277;
2310;
2297;
2292;
2311;
2276;
2319;
2290;
2290;
2306;
2279;
2302;
2299;
2295;
2310;
2282;
2309;
2290;
2288;
2317;
2276;
2306;
2299;
2281;
2312;
2279;
2303;
2296;
2284;
2310;
2274;
2303;
2299;
2282;
2315;
2275;
2300;
2301;
2282;
2318;
2279;
2296;
2297;
2285;
2321;
2282;
2305;
2304;
2278;
2315;
2282;
2301;
2305;
2279;
2321;
2281;
2289;
2306;
2282;
2318;
2283;
2298;
2308;
2274;
2315;
2286;
2296;
2315;
2269;
2310;
2287;
2293;
2311;
2271;
2310;
2290;
2294;
2305;
2285;
2308;
2284;
2295;
2315;
2269;
2313;
2297;
2279;
2313;
2283;
2313;
2288;
2283;
2311;
2277;
2309;
2299;
2278;
2318;
2278;
2305;
2295;
2280;
2316;
2274;
2306;
2303;
2288;
2316;
2280;
2303;
2301;
2273;
2322;
2283;
2301;
2304;
2284;
2315;
2281;
2303;
2306;
2271;
2314;
2283;
2295;
2308;
2279;
2316;
2279;
2298;
2309;
2273;
2315;
2282;
2291;
2313;
2283;
2315;
2285;
2290;
2322;
2275;
2311;
2292;
2293;
2309;
2276;
2314;
2288;
2287;
2324;
2275;
2306;
2301;
2286;
2310;
2276;
2319;
2290;
2287;
2318;
2270;
2307;
2307;
2288;
2319;
2275;
2310;
2301;
2280;
2318;
2281;
2297;
2300;
2289;
2320;
2274;
2307;
2302;
2273;
2318;
2285;
2300;
2303;
2286;
2317;
2276;
2302;
2303;
2277;
2315;
2288;
2292;
2302;
2281;
2318;
2279;
2285;
2318;
2277;
2307;
2290;
2290;
2308;
2281;
2316;
2290;
2288;
2317;
2271;
2311;
2290;
2286;
2317;
2278;
2313;
2289;
2289;
2308;
2279;
2313;
2281;
2282;
2319;
2274;
2307;
2297;
2287;
2306;
2283;
2311;
2288;
2289;
2311;
2278;
2314;
2287;
2286;
2323;
2274;
2309;
2293;
2286;
2308;
2275;
2308;
2286;
2286;
2320;
2263;
2319;
2297;
2279;
2325;
2274;
2303;
2301;
2280;
2311;
2276;
2313;
2292;
2283;
2317;
2270;
2308;
2298;
2271;
2320;
2279;
2302;
2300;
2286;
2310;
2276;
2308;
2302;
2276;
2313;
2277;
2299;
2303;
2279;
2322;
2278;
2303;
2315;
2273;
2309;
2284;
2307;
2307;
2274;
2326;
2275;
2292;
2319;
2269;
2313;
2286;
2298;
2305;
2273;
2318;
2288;
2292;
2321;
2275;
2316;
2284;
2295;
2315;
2275;
2322;
2287;
2277;
2319;
2275;
2305;
2290;
2289;
2320;
2264;
2315;
2293;
2278;
2325;
2278;
2310;
2295;
2284;
2314;
2274;
2317;
2300;
2281;
2320;
2279;
2302;
2297;
2290;
2316;
2275;
2303;
2309;
2284;
2314;
2285;
2301;
2298;
2281;
2315;
2281;
2303;
2311;
2277;
2319;
2276;
2307;
2310;
2276;
2319;
2284;
2298;
2310;
2279;
2315;
2286;
2301;
2310;
2268;
2319;
2284;
2296;
2310;
2276;
2314;
2292;
2291;
2310;
2278;
2312;
2290;
2284;
2316;
2277;
2311;
2298;
2291;
2314;
2271;
2310;
2291;
2287;
2312;
2277;
2309;
2293;
2294;
2311;
2272;
2307;
2300;
2283;
2314;
2282;
2300;
2301;
2285;
2313;
2284;
2302;
2306;
2283;
2313;
2281;
2304;
2295;
2287;
2311;
2279;
2302;
2300;
2282;
2312;
2290;
2298;
2303;
2280;
2316;
2279;
2303;
2309;
2279;
2304;
2290;
2299;
2301;
2282;
2303;
2283;
2295;
2303;
2282;
2311;
2293;
2296;
2305;
2275;
2308;
2297;
2296;
2308;
2278;
2316;
2286;
2296;
2311;
2281;
2309;
2295;
2289;
2314;
2284;
2306;
2290;
2293;
2304;
2281;
2310;
2289;
2287;
2314;
2284;
2303;
2294;
2291;
2305;
2284;
2306;
2295;
2276;
2314;
2284;
2295;
2307;
2284;
2307;
2286;
2302;
2302;
2288;
2313;
2287;
2294;
2309;
2287;
2304;
2289;
2300;
2301;
2287;
2306;
2291;
2290;
2306;
2288;
2301;
2291;
2296;
2311;
2281;
2310;
2300;
2297;
2302;
2292;
2300;
2295;
2286;
2308;
2279;
2298;
2301;
2286;
2299;
2285;
2302;
2294;
2288;
2309;
2287;
2299;
2301;
2285;
2300;
2292;
2301;
2302;
2286;
2302;
2296;
2291;
2306;
2289;
2291;
2295;
2299;
2301;
2298;
2296;
2296;
2293;
2301;
2297;
2290;
2295;
2299;
2299;
2297;
2295;
2297;
2294;
2291;
2299;
2293;
2285;
2301;
2295;
2298;
2293;
2292;
2299;
2295;
2302;
2294;
2291;
2300;
2295;
2294;
2296;
2303;
2292;
2295;
2300;
2289;
2302;
2294;
2297;
2294;
2295;
2298;
2297;
2297;
2296;
2297;
2293;
2294;
2300;
2289;
2294;
2292;
2297;
2295;
2302;
2300;
2291;
2298;
2297;
2294;
2296;
2295;
2295;
2296;
2298;
2300;
2295;
2296;
2302;
2297;
2293;
2300;
2299;
2295;
2300;
2297;
2294;
2297;
2295;
2301;
2302;
2289;
2301;
2298;
2293;
2303;
2288;
2301;
2294;
2296;
2298;
2290;
2302;
2289;
2292;
2296;
2289;
2299;
2292;
2301;
2296;
2288;
2312;
2290;
2295;
2303;
2293;
2299;
2292;
2295;
2300;
2288;
2301;
2296;
2298;
2306;
2282;
2303;
2290;
2293;
2305;
2284;
2306;
2296;
2285;
2309;
2285;
2295;
2296;
2291;
2305;
2284;
2301;
2298;
2292;
2307;
2289;
2301;
2300;
2283;
2315;
2288;
2295;
2302;
2285;
2305;
2288;
2299;
2295;
2284;
2311;
2289;
2291;
2307;
2283;
2312;
2287;
2294;
2306;
2282;
2308;
2293;
2296;
2307;
2286;
2308;
2289;
2290;
2310;
2276;
2306;
2295;
2284;
2307;
2285;
2305;
2297;
2287;
2309;
2278;
2303;
2301;
2288;
2308;
2294;
2298;
2289;
2290;
2314;
2279;
2301;
2306;
2288;
2308;
2287;
2300;
2296;
2283;
2315;
2286;
2290;
2303;
2293;
2301;
2294;
2302;
2302;
2279;
2315;
2291;
2279;
2309;
2285;
2298;
2297;
2303;
2308;
2287;
2305;
2293;
2290;
2312;
2285;
2307;
2290;
2284;
2309;
2279;
2302;
2297;
2287;
2306;
2286;
2310;
2289;
2287;
2318;
2277;
2303;
2308;
2282;
2306;
2291;
2305;
2299;
2287;
2317;
2283;
2300;
2307;
2285;
2312;
2289;
2298;
2306;
2277;
2312;
2294;
2295;
2310;
2285;
2310;
2284;
2292;
2306;
2282;
2311;
2296;
2290;
2308;
2284;
2312;
2292;
2284;
2316;
2279;
2303;
2297;
2287;
2311;
2282;
2305;
2295;
2284;
2314;
2282;
2301;
2299;
2283;
2311;
2282;
2301;
2296;
2279;
2316;
2283;
2301;
2306;
2278;
2311;
2289;
2296;
2307;
2276;
2314;
2290;
2296;
2300;
2278;
2315;
2293;
2293;
2311;
2281;
2312;
2294;
2289;
2314;
2280;
2309;
2288;
2283;
2312;
2281;
2310;
2296;
2286;
2321;
2279;
2308;
2300;
2286;
2316;
2284;
2307;
2301;
2277;
2314;
2285;
2301;
2304;
2279;
2316;
2286;
2301;
2309;
2268;
2323;
2286;
2292;
2313;
2274;
2316;
2290;
2297;
2309;
2278;
2316;
2285;
2298;
2309;
2286;
2314;
2295;
2283;
2311;
2281;
2306;
2290;
2282;
2308;
2280;
2304;
2295;
2302;
2312;
2278;
2303;
2297;
2288;
2304;
2280;
2311;
2290;
2285;
2320;
2271;
2305;
2301;
2288;
2312;
2276;
2308;
2304;
2284;
2318;
2280;
2305;
2300;
2277;
2309;
2289;
2300;
2299;
2280;
2309;
2285;
2301;
2312;
2273;
2314;
2284;
2303;
2310;
2275;
2310;
2291;
2293;
2305;
2279;
2316;
2286;
2301;
2313;
2273;
2312;
2286;
2292;
2315;
2283;
2306;
2295;
2287;
2315;
2277;
2303;
2295;
2279;
2316;
2274;
2301;
2305;
2280;
2309;
2287;
2302;
2291;
2279;
2319;
2282;
2300;
2309;
2280;
2312;
2280;
2299;
2303;
2273;
2322;
2280;
2293;
2311;
2279;
2313;
2286;
2289;
2318;
2270;
2319;
2292;
2287;
2309;
2279;
2313;
2293;
2283;
2318;
2273;
2311;
2290;
2285;
2317;
2275;
2309;
2295;
2283;
2316;
2278;
2306;
2300;
2281;
2316;
2280;
2299;
2298;
2274;
2309;
2279;
2303;
2298;
2276;
2321;
2284;
2300;
2307;
2270;
2316;
2288;
2291;
2308;
2275;
2315;
2287;
2293;
2311;
2273;
2317;
2292;
2287;
2316;
2274;
2304;
2288;
2297;
2309;
2278;
2313;
2289;
2288;
2309;
2280;
2307;
2298;
2283;
2316;
2275;
2311;
2295;
2282;
2317;
2282;
2303;
2299;
2279;
2316;
2277;
2306;
2302;
2281;
2319;
2284;
2298;
2299;
2279;
2313;
2285;
2297;
2302;
2283;
2311;
2278;
2299;
2303;
2272;
2319;
2283;
2289;
2309;
2274;
2307;
2292;
2294;
2309;
2278;
2307;
2286;
2290;
2314;
2274;
2307;
2296;
2288;
2312;
2280;
2307;
2302;
2287;
2310;
2274;
2312;
2299;
2284;
2313;
2280;
2308;
2302;
2278;
2322;
2285;
2301;
2300;
2278;
2314;
2277;
2303;
2304;
2283;
2320;
2282;
2292;
2314;
2287;
2303;
2279;
2305;
2315;
2278;
2310;
2286;
2297;
2309;
2279;
2315;
2288;
2296;
2307;
2279;
2312;
2290;
2293;
2308;
2274;
2314;
2293;
2284;
2319;
2276;
2306;
2293;
2291;
2317;
2279;
2313;
2289;
2287;
2313;
2275;
2303;
2294;
2286;
2316;
2284;
2305;
2293;
2285;
2319;
2289;
2307;
2295;
2277;
2317;
2285;
2301;
2303;
2276;
2315;
2276;
2299;
2305;
2282;
2314;
2284;
2298;
2310;
2275;
2311;
2288;
2292;
2302;
2270;
2321;
2291;
2287;
2313;
2275;
2307;
2285;
2289;
2309;
2280;
2305;
2291;
2290;
2310;
2277;
2297;
2288;
2291;
2316;
2275;
2303;
2299;
2284;
2322;
2285;
2302;
2302;
2285;
2306;
2279;
2303;
2302;
2283;
2315;
2283;
2303;
2303;
2281;
2313;
2285;
2302;
2305;
2279;
2322;
2286;
2296;
2301;
2284;
2311;
2292;
2302;
2304;
2277;
2310;
2289;
2288;
2307;
2281;
2302;
2288;
2286;
2315;
2284;
2307;
2287;
2290;
2304;
2279;
2315;
2290;
2287;
2310;
2271;
2311;
2306;
2292;
2307;
2287;
2309;
2297;
2286;
2318;
2282;
2314;
2297;
2288;
2320;
2283;
2299;
2303;
2280;
2305;
2283;
2303;
2295;
2284;
2315;
2278;
2301;
2308;
2272;
2317;
2288;
2294;
2306;
2282;
2309;
2289;
2303;
2311;
2275;
2317;
2285;
2295;
2310;
2282;
2306;
2287;
2295;
2311;
2275;
2310;
2292;
2291;
2302;
2276;
2315;
2292;
2289;
2311;
2285;
2307;
2295;
2293;
2314;
2286;
2307;
2299;
2286;
2309;
2277;
2306;
2302;
2288;
2309;
2283;
2307;
2293;
2284;
2316;
2279;
2296;
2305;
2290;
2311;
2287;
2301;
2305;
2284;
2311;
2282;
2299;
2303;
2279;
2319;
2290;
2294;
2306;
2282;
2311;
2294;
2295;
2299;
2285;
2316;
2294;
2287;
2307;
2275;
2308;
2287;
2290;
2305;
2286;
2308;
2287;
2292;
2309;
2278;
2309;
2297;
2287;
2311;
2284;
2309;
2302;
2286;
2311;
2284;
2301;
2303;
2288;
2308;
2282;
2309;
2299;
2278;
2309;
2283;
2295;
2308;
2289;
2309;
2284;
2303;
2305;
2276;
2313;
2289;
2302;
2300;
2281;
2309;
2286;
2294;
2301;
2284;
2309;
2294;
2300;
2311;
2279;
2313;
2293;
2293;
2310;
2284;
2311;
2298;
2291;
2300;
2279;
2311;
2295;
2287;
2306;
2282;
2307;
2290;
2291;
2313;
2282;
2303;
2295;
2290;
2311;
2279;
2307;
2296;
2290;
2305;
2283;
2299;
2299;
2283;
2319;
2285;
2301;
2299;
2281;
2314;
2283;
2303;
2306;
2290;
2311;
2279;
2308;
2310;
2277;
2305;
2292;
2299;
2298;
2279;
2317;
2287;
2296;
2310;
2285;
2309;
2289;
2295;
2306;
2279;
2306;
2287;
2298;
2309;
2278;
2308;
2290;
2287;
2308;
2279;
2309;
2304;
2291;
2303;
2286;
2312;
2288;
2291;
2319;
2274;
2295;
2292;
2287;
2311;
2279;
2309;
2301;
2282;
2311;
2281;
2303;
2298;
2282;
2312;
2277;
2307;
2299;
2277;
2311;
2292;
2295;
2302;
2286;
2312;
2272;
2303;
2306;
2284;
2307;
2290;
2299;
2302;
2277;
2317;
2289;
2289;
2310;
2276;
2308;
2288;
2303;
2302;
2279;
2310;
2286;
2293;
2312;
2274;
2306;
2295;
2298;
2300;
2277;
2313;
2289;
2291;
2310;
2287;
2308;
2292;
2292;
2309;
2278;
2308;
2299;
2289;
2305;
2279;
2312;
2291;
2288;
2312;
2273;
2309;
2297;
2278;
2310;
2280;
2304;
2302;
2282;
2312;
2277;
2310;
2301;
2285;
2311;
2278;
2306;
2309;
2282;
2311;
2283;
2295;
2298;
2281;
2313;
2281;
2300;
2304;
2279;
2313;
2279;
2300;
2307;
2278;
2314;
2284;
2297;
2313;
2280;
2313;
2287;
2295;
2309;
2279;
2311;
2284;
2290;
2311;
2277;
2310;
2289;
2287;
2311;
2278;
2314;
2290;
2294;
2306;
2281;
2306;
2290;
2289;
2315;
2276;
2309;
2295;
2288;
2310;
2276;
2309;
2288;
2289;
2318;
2277;
2303;
2296;
2284;
2314;
2277;
2307;
2303;
2279;
2310;
2279;
2300;
2300;
2276;
2315;
2281;
2307;
2302;
2276;
2315;
2283;
2293;
2295;
2285;
2313;
2280;
2302;
2307;
2271;
2316;
2288;
2297;
2300;
2281;
2313;
2284;
2292;
2308;
2276;
2307;
2282;
2293;
2303;
2280;
2311;
2284;
2286;
2316;
2274;
2311;
2292;
2290;
2303;
2274;
2315;
2287;
2286;
2311;
2277;
2306;
2288;
2289;
2310;
2279;
2316;
2286;
2282;
2327;
2279;
2305;
2294;
2286;
2309;
2280;
2311;
2292;
2279;
2313;
2287;
2305;
2296;
2285;
2317;
2278;
2303;
2307;
2281;
2315;
2289;
2303;
2303;
2283;
2318;
2281;
2306;
2304;
2281;
2317;
2283;
2306;
2300;
2277;
2311;
2284;
2292;
2313;
2277;
2309;
2291;
2302;
2307;
2277;
2322;
2283;
2285;
2310;
2283;
2314;
2287;
2292;
2311;
2270;
2311;
2286;
2287;
2310;
2280;
2312;
2278;
2306;
2296;
2286;
2312;
2281;
2301;
2294;
2279;
2314;
2279;
2302;
2298;
2279;
2313;
2282;
2306;
2304;
2277;
2313;
2280;
2302;
2299;
2280;
2322;
2281;
2293;
2305;
2280;
2317;
2282;
2296;
2303;
2280;
2314;
2281;
2297;
2306;
2275;
2314;
2291;
2289;
2311;
2279;
2309;
2295;
2287;
2307;
2271;
2307;
2293;
2286;
2314;
2286;
2309;
2296;
2287;
2311;
2278;
2307;
2294;
2278;
2311;
2284;
2301;
2298;
2290;
2313;
2279;
2299;
2303;
2284;
2316;
2280;
2298;
2299;
2283;
2315;
2280;
2289;
2310;
2283;
2315;
2276;
2295;
2308;
2283;
2321;
2285;
2300;
2315;
2283;
2306;
2291;
2291;
2309;
2280;
2311;
2289;
2289;
2311;
2283;
2310;
2294;
2287;
2313;
2282;
2306;
2290;
2291;
2321;
2276;
2303;
2296;
2283;
2313;
2278;
2302;
2295;
2288;
2314;
2273;
2308;
2299;
2288;
2311;
2282;
2305;
2299;
2281;
2318;
2285;
2299;
2305;
2285;
2307;
2281;
2302;
2300;
2280;
2313;
2287;
2293;
2308;
2282;
2304;
2294;
2293;
2312;
2279;
2316;
2288;
2288;
2305;
2279;
2311;
2286;
2287;
2312;
2279;
2313;
2291;
2290;
2314;
2274;
2313;
2287;
2290;
2320;
2289;
2299;
2298;
2297;
2313;
2276;
2308;
2301;
2282;
2313;
2284;
2305;
2293;
2281;
2317;
2279;
2300;
2304;
2285;
2314;
2283;
2303;
2300;
2277;
2319;
2278;
2297;
2309;
2283;
2304;
2287;
2301;
2300;
2279;
2323;
2284;
2292;
2311;
2279;
2310;
2290;
2291;
2303;
2288;
2308;
2292;
2289;
2311;
2278;
2310;
2289;
2288;
2318;
2275;
2303;
2303;
2290;
2305;
2286;
2308;
2285;
2281;
2308;
2282;
2302;
2298;
2284;
2313;
2283;
2299;
2303;
2284;
2313;
2279;
2307;
2301;
2286;
2306;
2285;
2296;
2303;
2283;
2311;
2284;
2297;
2307;
2276;
2325;
2275;
2297;
2310;
2277;
2314;
2288;
2289;
2310;
2284;
2307;
2289;
2292;
2314;
2272;
2309;
2297;
2295;
2304;
2281;
2307;
2288;
2290;
2309;
2280;
2307;
2297;
2282;
2315;
2282;
2305;
2303;
2284;
2311;
2284;
2307;
2299;
2288;
2319;
2281;
2299;
2299;
2285;
2314;
2279;
2298;
2305;
2283;
2307;
2284;
2299;
2304;
2281;
2308;
2290;
2298;
2305;
2274;
2316;
2285;
2289;
2316;
2282;
2298;
2294;
2298;
2301;
2286;
2314;
2286;
2289;
2314;
2278;
2303;
2292;
2290;
2314;
2285;
2311;
2291;
2286;
2309;
2277;
2308;
2297;
2282;
2317;
2279;
2299;
2302;
2292;
2314;
2281;
2304;
2297;
2289;
2315;
2281;
2301;
2311;
2283;
2313;
2281;
2299;
2297;
2289;
2315;
2282;
2300;
2307;
2284;
2310;
2289;
2293;
2307;
2282;
2312;
2281;
2302;
2311;
2277;
2316;
2290;
2287;
2312;
2280;
2312;
2283;
2291;
2307;
2281;
2307;
2290;
2298;
2309;
2279;
2307;
2291;
2285;
2317;
2285;
2302;
2299;
2293;
2314;
2282;
2312;
2294;
2282;
2314;
2283;
2304;
2303;
2290;
2319;
2279;
2293;
2301;
2285;
2313;
2282;
2298;
2297;
2283;
2315;
2275;
2305;
2307;
2280;
2308;
2291;
2301;
2303;
2286;
2319;
2282;
2295;
2313;
2280;
2305;
2285;
2297;
2311;
2275;
2310;
2291;
2295;
2299;
2286;
2311;
2281;
2292;
2313;
2275;
2309;
2289;
2286;
2316;
2282;
2300;
2282;
2286;
2311;
2276;
2308;
2295;
2279;
2313;
2277;
2303;
2292;
2288;
2316;
2287;
2302;
2292;
2289;
2309;
2279;
2302;
2301;
2282;
2317;
2282;
2303;
2298;
2279;
2319;
2282;
2298;
2308;
2287;
2312;
2282;
2304;
2299;
2290;
2317;
2278;
2298;
2313;
2275;
2310;
2287;
2301;
2310;
2277;
2316;
2287;
2290;
2309;
2279;
2311;
2288;
2299;
2310;
2273;
2314;
2295;
2289;
2313;
2287;
2317;
2286;
2291;
2315;
2273;
2306;
2296;
2289;
2316;
2282;
2311;
2285;
2290;
2315;
2282;
2307;
2295;
2285;
2315;
2280;
2305;
2297;
2281;
2321;
2282;
2300;
2299;
2281;
2311;
2281;
2305;
2295;
2273;
2316;
2282;
2302;
2304;
2283;
2314;
2283;
2302;
2303;
2273;
2322;
2288;
2295;
2300;
2276;
2316;
2277;
2301;
2313;
2278;
2313;
2288;
2304;
2308;
2279;
2313;
2283;
2292;
2313;
2277;
2311;
2291;
2297;
2308;
2279;
2313;
2289;
2294;
2311;
2283;
2310;
2294;
2284;
2319;
2279;
2312;
2295;
2285;
2316;
2281;
2309;
2294;
2282;
2316;
2276;
2310;
2302;
2284;
2322;
2277;
2303;
2296;
2285;
2314;
2281;
2308;
2294;
2282;
2318;
2282;
2306;
2302;
2287;
2320;
2279;
2298;
2304;
2283;
2307;
2281;
2300;
2301;
2278;
2318;
2287;
2290;
2306;
2280;
2310;
2286;
2293;
2308;
2276;
2315;
2281;
2295;
2313;
2271;
2313;
2284;
2292;
2315;
2276;
2319;
2287;
2285;
2310;
2278;
2310;
2290;
2290;
2319;
2272;
2312;
2299;
2284;
2315;
2280;
2302;
2289;
2286;
2313;
2278;
2306;
2297;
2287;
2311;
2277;
2313;
2302;
2279;
2319;
2279;
2294;
2302;
2288;
2309;
2273;
2302;
2297;
2283;
2317;
2286;
2300;
2311;
2277;
2311;
2287;
2298;
2309;
2279;
2309;
2284;
2298;
2308;
2282;
2313;
2282;
2300;
2313;
2273;
2311;
2290;
2297;
2311;
2284;
2315;
2279;
2299;
2303;
2272;
2325;
2275;
2307;
2306;
2279;
2314;
2284;
2305;
2302;
2282;
2315;
2282;
2304;
2311;
2275;
2322;
2284;
2295;
2316;
2268;
2307;
2290;
2294;
2311;
2281;
2311;
2279;
2297;
2316;
2267;
2314;
2290;
2284;
2312;
2272;
2314;
2293;
2292;
2317;
2275;
2311;
2292;
2284;
2318;
2273;
2318;
2295;
2280;
2322;
2278;
2308;
2300;
2289;
2318;
2260;
2311;
2301;
2274;
2319;
2280;
2299;
2302;
2281;
2319;
2271;
2306;
2308;
2270;
2318;
2281;
2297;
2302;
2278;
2322;
2268;
2300;
2312;
2269;
2321;
2287;
2297;
2305;
2274;
2320;
2285;
2298;
2316;
2275;
2316;
2288;
2294;
2303;
2275;
2319;
2285;
2285;
2313;
2270;
2307;
2295;
2294;
2311;
2270;
2322;
2292;
2283;
2315;
2279;
2305;
2291;
2289;
2320;
2267;
2309;
2297;
2288;
2309;
2275;
2306;
2300;
2286;
2311;
2272;
2305;
2303;
2273;
2316;
2283;
2302;
2302;
2281;
2317;
2282;
2304;
2301;
2278;
2316;
2282;
2303;
2297;
2279;
2314;
2281;
2294;
2306;
2280;
2314;
2281;
2297;
2305;
2276;
2311;
2282;
2294;
2305;
2279;
2312;
2286;
2297;
2310;
2277;
2311;
2280;
2291;
2307;
2277;
2311;
2290;
2292;
2303;
2281;
2309;
2292;
2292;
2309;
2277;
2307;
2293;
2290;
2308;
2290;
2302;
2294;
2292;
2314;
2279;
2302;
2301;
2282;
2311;
2278;
2308;
2291;
2288;
2313;
2276;
2302;
2298;
2277;
2315;
2290;
2302;
2297;
2289;
2313;
2284;
2308;
2297;
2284;
2311;
2284;
2305;
2299;
2284;
2309;
2284;
2300;
2302;
2291;
2308;
2278;
2305;
2303;
2273;
2315;
2289;
2297;
2301;
2283;
2311;
2285;
2301;
2303;
2280;
2314;
2287;
2291;
2303;
2284;
2298;
2295;
2291;
2312;
2279;
2306;
2293;
2283;
2311;
2282;
2304;
2296;
2289;
2305;
2286;
2303;
2303;
2282;
2307;
2285;
2297;
2295;
2290;
2309;
2281;
2299;
2303;
2282;
2305;
2289;
2291;
2298;
2290;
2312;
2283;
2295;
2306;
2285;
2301;
2294;
2298;
2296;
2283;
2310;
2287;
2292;
2299;
2288;
2309;
2296;
2294;
2299;
2286;
2307;
2295;
2289;
2303;
2287;
2299;
2293;
2290;
2298;
2293;
2302;
2302;
2293;
2299;
2293;
2292;
2299;
2296;
2297;
2294;
2297;
2301;
2291;
2293;
2293;
2297;
2297;
2298;
2297;
2295;
2297;
2292;
2294;
2297;
2293;
2297;
2295;
2297;
2294;
2292;
2299;
2299;
2298;
2298;
2297;
2292;
2299;
2294;
2299;
2294;
2295;
2299;
2294;
2291;
2296;
2301;
2293;
2299;
2294;
2293;
2299;
2301;
2295;
2298;
2302;
2294;
2298;
2304;
2297;
2293;
2295;
2293;
2300;
2300;
2295;
2295;
2295;
2299;
2299;
2297;
2291;
2295;
2294;
2292;
2298;
2302;
2296;
2292;
2294;
2297;
2295;
2294;
2299;
2294;
2288;
2307;
2287;
2298;
2297;
2294;
2299;
2293;
2306;
2300;
2289;
2303;
2291;
2298;
2295;
2295;
2300;
2286;
2303;
2291;
2286;
2308;
2289;
2298;
2297;
2287;
2302;
2285;
2303;
2295;
2286;
2304;
2290;
2295;
2301;
2287;
2306;
2284;
2295;
2293;
2287;
2306;
2290;
2291;
2300;
2290;
2308;
2286;
2295;
2298;
2286;
2310;
2292;
2293;
2301;
2286;
2305;
2289;
2295;
2303;
2278;
2300;
2291;
2295;
2309;
2286;
2308;
2298;
2288;
2309;
2282;
2307;
2294;
2284;
2307;
2287;
2305;
2291;
2289;
2308;
2282;
2294;
2295;
2283;
2315;
2282;
2299;
2300;
2289;
2308;
2288;
2299;
2299;
2285;
2310;
2287;
2297;
2307;
2285;
2310;
2287;
2297;
2296;
2294;
2308;
2282;
2295;
2307;
2284;
2303;
2296;
2287;
2298;
2292;
2304;
2292;
2298;
2307;
2285;
2309;
2294;
2287;
2311;
2291;
2303;
2305;
2285;
2305;
2291;
2299;
2299;
2291;
2311;
2283;
2302;
2300;
2286;
2310;
2290;
2298;
2301;
2284;
2307;
2286;
2297;
2297;
2293;
2311;
2282;
2295;
2307;
2279;
2311;
2296;
2293;
2308;
2284;
2310;
2294;
2295;
2303;
2283;
2309;
2290;
2286;
2315;
2284;
2303;
2295;
2288;
2313;
2282;
2308;
2291;
2284;
2308;
2281;
2300;
2294;
2289;
2311;
2285;
2299;
2303;
2279;
2311;
2291;
2298;
2298;
2287;
2311;
2278;
2297;
2302;
2284;
2308;
2285;
2299;
2302;
2283;
2314;
2288;
2294;
2311;
2283;
2308;
2285;
2295;
2305;
2280;
2311;
2299;
2286;
2308;
2282;
2311;
2291;
2285;
2315;
2272;
2308;
2297;
2278;
2310;
2279;
2308;
2298;
2283;
2319;
2282;
2302;
2304;
2279;
2322;
2275;
2303;
2297;
2279;
2320;
2286;
2300;
2303;
2280;
2311;
2285;
2295;
2297;
2279;
2315;
2289;
2293;
2308;
2277;
2313;
2286;
2288;
2319;
2275;
2312;
2299;
2283;
2311;
2277;
2311;
2287;
2289;
2316;
2281;
2308;
2295;
2289;
2313;
2280;
2313;
2291;
2281;
2323;
2285;
2307;
2295;
2294;
2308;
2279;
2302;
2299;
2283;
2315;
2280;
2297;
2308;
2281;
2310;
2284;
2303;
2303;
2279;
2313;
2283;
2303;
2311;
2276;
2309;
2291;
2295;
2303;
2280;
2307;
2287;
2306;
2303;
2278;
2323;
2277;
2300;
2313;
2278;
2296;
2297;
2293;
2308;
2275;
2304;
2295;
2287;
2307;
2277;
2315;
2297;
2286;
2305;
2276;
2311;
2294;
2289;
2318;
2277;
2310;
2297;
2278;
2316;
2279;
2305;
2299;
2283;
2310;
2277;
2299;
2302;
2285;
2312;
2287;
2290;
2315;
2280;
2314;
2287;
2289;
2310;
2276;
2314;
2291;
2292;
2309;
2273;
2317;
2293;
2283;
2315;
2276;
2307;
2293;
2290;
2312;
2272;
2319;
2292;
2277;
2318;
2279;
2303;
2297;
2282;
2307;
2278;
2311;
2299;
2285;
2317;
2282;
2305;
2309;
2278;
2317;
2281;
2298;
2309;
2275;
2323;
2278;
2302;
2313;
2277;
2320;
2283;
2296;
2307;
2277;
2317;
2287;
2297;
2310;
2276;
2316;
2295;
2293;
2305;
2280;
2308;
2290;
2283;
2317;
2278;
2308;
2294;
2288;
2311;
2278;
2311;
2296;
2283;
2317;
2277;
2304;
2300;
2282;
2313;
2272;
2310;
2300;
2278;
2322;
2279;
2304;
2306;
2284;
2310;
2279;
2305;
2295;
2272;
2321;
2284;
2296;
2303;
2278;
2321;
2289;
2288;
2316;
2283;
2314;
2290;
2294;
2308;
2273;
2312;
2289;
2285;
2308;
2279;
2317;
2295;
2282;
2317;
2279;
2314;
2295;
2286;
2316;
2279;
2315;
2297;
2284;
2314;
2280;
2305;
2299;
2276;
2314;
2275;
2300;
2304;
2284;
2311;
2285;
2303;
2302;
2277;
2313;
2286;
2304;
2302;
2280;
2309;
2284;
2300;
2304;
2277;
2311;
2286;
2295;
2310;
2279;
2315;
2283;
2291;
2314;
2278;
2312;
2288;
2295;
2314;
2270;
2306;
2299;
2289;
2308;
2274;
2314;
2295;
2289;
2312;
2281;
2311;
2302;
2280;
2311;
2276;
2306;
2299;
2285;
2308;
2275;
2301;
2304;
2282;
2319;
2283;
2303;
2300;
2276;
2306;
2277;
2302;
2305;
2278;
2315;
2279;
2295;
2302;
2273;
2309;
2287;
2287;
2307;
2274;
2312;
2287;
2294;
2307;
2278;
2314;
2292;
2290;
2310;
2271;
2307;
2295;
2287;
2306;
2278;
2306;
2289;
2294;
2316;
2273;
2304;
2296;
2284;
2313;
2284;
2308;
2289;
2288;
2317;
2276;
2301;
2300;
2287;
2309;
2280;
2308;
2298;
2281;
2313;
2274;
2311;
2285;
2293;
2319;
2272;
2316;
2292;
2284;
2317;
2269;
2318;
2289;
2288;
2317;
2273;
2310;
2294;
2287;
2313;
2274;
2309;
2292;
2285;
2316;
2273;
2313;
2296;
2279;
2314;
2279;
2306;
2303;
2278;
2319;
2282;
2299;
2304;
2275;
2319;
2275;
2308;
2303;
2279;
2318;
2283;
2301;
2303;
2284;
2318;
2283;
2302;
2306;
2281;
2315;
2284;
2295;
2309;
2281;
2312;
2289;
2297;
2302;
2284;
2314;
2285;
2290;
2306;
2279;
2313;
2289;
2298;
2301;
2279;
2304;
2298;
2288;
2314;
2279;
2306;
2288;
2295;
2310;
2279;
2311;
2289;
2284;
2309;
2278;
2303;
2294;
2289;
2311;
2279;
2309;
2296;
2291;
2310;
2274;
2312;
2297;
2281;
2311;
2283;
2303;
2300;
2285;
2305;
2286;
2313;
2293;
2277;
2317;
2276;
2299;
2303;
2286;
2314;
2287;
2299;
2295;
2285;
2311;
2281;
2306;
2303;
2272;
2305;
2287;
2307;
2305;
2287;
2311;
2278;
2299;
2303;
2279;
2312;
2283;
2299;
2311;
2285;
2303;
2299;
2297;
2304;
2279;
2313;
2296;
2286;
2313;
2275;
2303;
2296;
2284;
2311;
2292;
2307;
2295;
2285;
2310;
2280;
2301;
2303;
2283;
2310;
2287;
2295;
2296;
2286;
2310;
2288;
2301;
2307;
2286;
2306;
2291;
2293;
2302;
2286;
2311;
2290;
2295;
2303;
2288;
2304;
2292;
2298;
2299;
2291;
2307;
2294;
2294;
2302;
2285;
2307;
2293;
2295;
2304;
2294;
2300;
2293;
2295;
2311;
2286;
2298;
2297;
2291;
2300;
2289;
2298;
2303;
2293;
2296;
2293;
2292;
2300;
2290;
2299;
2301;
2300;
2297;
2298;
2297;
2295;
2301;
2294;
2298;
2299;
2297;
2303;
2298;
2297;
2295;
2293;
2295;
2302;
2296;
2297;
2293;
2300;
2295;
2287;
2299;
2297;
2297;
2297;
2295;
2292;
2297;
2298;
2291;
2298;
2299;
2292;
2296;
2297;
2294;
2302;
2293;
2294;
2296;
2295;
2294;
2298;
2294;
2290;
2297;
2296;
2291;
2294;
2302;
2296;
2295;
2295;
2301;
2291;
2299;
2296;
2297;
2302;
2297;
2299;
2293;
2295;
2298;
2298;
2299;
2305;
2299;
2294;
2298;
2296;
2295;
2299;
2302;
2286;
2305;
2298;
2295;
2302;
2290;
2299;
2295;
2290;
2305;
2289;
2292;
2300;
2289;
2300;
2290;
2298;
2295;
2293;
2303;
2290;
2299;
2295;
2285;
2301;
2289;
2296;
2301;
2285;
2311;
2294;
2297;
2303;
2292;
2300;
2288;
2298;
2295;
2286;
2306;
2291;
2293;
2300;
2290;
2306;
2287;
2299;
2306;
2284;
2308;
2290;
2295;
2304;
2289;
2306;
2289;
2287;
2311;
2284;
2306;
2297;
2291;
2308;
2286;
2305;
2302;
2285;
2310;
2288;
2302;
2294;
2289;
2308;
2286;
2294;
2300;
2283;
2313;
2285;
2295;
2300;
2282;
2311;
2285;
2297;
2306;
2285;
2307;
2293;
2292;
2295;
2295;
2308;
2289;
2303;
2302;
2285;
2311;
2293;
2290;
2302;
2287;
2297;
2292;
2293;
2311;
2287;
2304;
2288;
2292;
2302;
2286;
2307;
2286;
2286;
2312;
2290;
2297;
2299;
2293;
2294;
2286;
2313;
2288;
2287;
2319;
2283;
2295;
2310;
2285;
2299;
2294;
2297;
2297;
2289;
2311;
2287;
2292;
2301;
2287;
2303;
2289;
2299;
2300;
2283;
2308;
2289;
2290;
2305;
2287;
2300;
2293;
2301;
2310;
2276;
2310;
2301;
2278;
2308;
2283;
2308;
2297;
2288;
2312;
2277;
2307;
2299;
2293;
2317;
2282;
2303;
2304;
2279;
2313;
2290;
2295;
2303;
2292;
2307;
2288;
2302;
2303;
2284;
2315;
2287;
2289;
2310;
2284;
2310;
2279;
2296;
2307;
2275;
2309;
2297;
2286;
2304;
2286;
2315;
2287;
2288;
2316;
2275;
2307;
2295;
2286;
2309;
2280;
2311;
2291;
2280;
2314;
2282;
2306;
2301;
2289;
2315;
2276;
2304;
2300;
2283;
2310;
2287;
2298;
2295;
2278;
2313;
2280;
2308;
2309;
2274;
2315;
2293;
2292;
2296;
2279;
2315;
2283;
2293;
2313;
2275;
2315;
2290;
2291;
2305;
2277;
2309;
2288;
2289;
2311;
2279;
2312;
2295;
2291;
2312;
2279;
2310;
2288;
2286;
2321;
2281;
2303;
2296;
2287;
2308;
2280;
2303;
2304;
2273;
2319;
2289;
2302;
2301;
2285;
2316;
2277;
2298;
2300;
2279;
2310;
2283;
2286;
2303;
2281;
2309;
2288;
2298;
2295;
2280;
2322;
2278;
2296;
2308;
2269;
2318;
2288;
2295;
2303;
2282;
2316;
2278;
2295;
2306;
2282;
2303;
2286;
2294;
2304;
2281;
2319;
2285;
2292;
2312;
2280;
2305;
2294;
2283;
2317;
2279;
2303;
2298;
2286;
2313;
2274;
2322;
2291;
2283;
2316;
2271;
2303;
2299;
2282;
2313;
2281;
2303;
2298;
2288;
2321;
2280;
2307;
2304;
2277;
2310;
2281;
2294;
2308;
2285;
2314;
2282;
2295;
2308;
2279;
2318;
2284;
2289;
2314;
2279;
2307;
2297;
2287;
2303;
2281;
2314;
2289;
2287;
2320;
2270;
2305;
2304;
2288;
2320;
2283;
2308;
2292;
2281;
2325;
2276;
2304;
2303;
2283;
2315;
2278;
2304;
2303;
2275;
2314;
2284;
2296;
2301;
2283;
2316;
2275;
2303;
2315;
2267;
2310;
2287;
2286;
2306;
2282;
2314;
2278;
2290;
2315;
2272;
2314;
2294;
2288;
2313;
2279;
2306;
2293;
2288;
2315;
2274;
2310;
2295;
2280;
2311;
2273;
2311;
2293;
2281;
2315;
2281;
2313;
2295;
2284;
2319;
2276;
2303;
2300;
2273;
2316;
2285;
2295;
2304;
2279;
2315;
2282;
2307;
2313;
2276;
2314;
2283;
2298;
2306;
2277;
2313;
2288;
2293;
2310;
2274;
2312;
2288;
2287;
2308;
2280;
2311;
2287;
2292;
2316;
2281;
2313;
2289;
2287;
2311;
2277;
2310;
2297;
2283;
2319;
2273;
2303;
2299;
2282;
2315;
2278;
2306;
2293;
2280;
2322;
2279;
2302;
2303;
2276;
2319;
2278;
2297;
2303;
2280;
2320;
2279;
2296;
2306;
2277;
2318;
2282;
2295;
2309;
2279;
2308;
2294;
2289;
2307;
2270;
2313;
2292;
2289;
2311;
2282;
2311;
2292;
2286;
2311;
2279;
2302;
2286;
2292;
2313;
2277;
2315;
2301;
2281;
2321;
2275;
2305;
2306;
2282;
2309;
2284;
2308;
2299;
2284;
2311;
2278;
2299;
2304;
2279;
2316;
2283;
2303;
2308;
2279;
2316;
2287;
2299;
2302;
2284;
2317;
2285;
2291;
2308;
2276;
2314;
2288;
2291;
2305;
2287;
2309;
2294;
2295;
2310;
2278;
2309;
2288;
2293;
2307;
2275;
2313;
2296;
2283;
2316;
2280;
2307;
2297;
2284;
2316;
2271;
2307;
2306;
2285;
2306;
2285;
2303;
2293;
2282;
2318;
2275;
2305;
2314;
2283;
2309;
2290;
2303;
2299;
2282;
2313;
2284;
2298;
2310;
2276;
2311;
2290;
2295;
2307;
2278;
2315;
2283;
2297;
2313;
2275;
2309;
2287;
2288;
2314;
2271;
2310;
2293;
2286;
2315;
2278;
2312;
2289;
2295;
2314;
2279;
2303;
2304;
2283;
2314;
2283;
2312;
2284;
2289;
2322;
2273;
2303;
2306;
2278;
2310;
2282;
2302;
2295;
2283;
2314;
2278;
2299;
2312;
2284;
2306;
2283;
2303;
2310;
2276;
2314;
2288;
2290;
2303;
2285;
2310;
2282;
2300;
2311;
2274;
2315;
2290;
2286;
2309;
2287;
2309;
2287;
2295;
2307;
2271;
2309;
2296;
2290;
2314;
2283;
2309;
2294;
2288;
2309;
2279;
2306;
2296;
2287;
2310;
2277;
2303;
2294;
2283;
2311;
2283;
2300;
2302;
2283;
2311;
2279;
2299;
2303;
2278;
2314;
2280;
2301;
2303;
2280;
2319;
2284;
2298;
2307;
2278;
2318;
2288;
2296;
2304;
2283;
2314;
2285;
2300;
2308;
2275;
2311;
2304;
2288;
2308;
2288;
2309;
2281;
2290;
2314;
2269;
2315;
2303;
2283;
2310;
2286;
2296;
2289;
2291;
2313;
2268;
2314;
2300;
2289;
2309;
2280;
2304;
2301;
2278;
2313;
2284;
2302;
2298;
2287;
2313;
2277;
2307;
2300;
2275;
2321;
2286;
2294;
2304;
2287;
2303;
2283;
2301;
2311;
2271;
2312;
2286;
2298;
2310;
2281;
2307;
2293;
2299;
2307;
2280;
2314;
2289;
2292;
2308;
2283;
2316;
2287;
2289;
2315;
2283;
2303;
2295;
2290;
2311;
2275;
2306;
2299;
2284;
2317;
2282;
2301;
2301;
2283;
2315;
2276;
2299;
2293;
2288;
2312;
2278;
2311;
2305;
2284;
2308;
2293;
2303;
2300;
2287;
2309;
2279;
2303;
2306;
2282;
2308;
2288;
2301;
2303;
2285;
2318;
2286;
2298;
2307;
2279;
2305;
2283;
2297;
2302;
2275;
2311;
2291;
2293;
2316;
2279;
2307;
2293;
2286;
2308;
2276;
2316;
2290;
2286;
2320;
2286;
2304;
2288;
2290;
2310;
2273;
2307;
2304;
2283;
2314;
2283;
2308;
2296;
2286;
2312;
2281;
2301;
2310;
2285;
2303;
2286;
2309;
2293;
2284;
2319;
2281;
2299;
2311;
2281;
2311;
2293;
2304;
2300;
2283;
2317;
2287;
2295;
2308;
2279;
2313;
2288;
2298;
2315;
2272;
2308;
2298;
2297;
2309;
2290;
2307;
2281;
2297;
2310;
2277;
2309;
2299;
2278;
2309;
2279;
2305;
2287;
2290;
2309;
2276;
2311;
2299;
2283;
2312;
2273;
2308;
2300;
2287;
2307;
2279;
2308;
2299;
2285;
2315;
2282;
2307;
2301;
2290;
2310;
2281;
2299;
2309;
2276;
2308;
2285;
2300;
2306;
2286;
2306;
2284;
2302;
2305;
2279;
2311;
2292;
2294;
2305;
2279;
2308;
2287;
2299;
2308;
2276;
2309;
2294;
2293;
2303;
2281;
2317;
2294;
2292;
2313;
2284;
2306;
2289;
2295;
2311;
2279;
2304;
2292;
2290;
2315;
2277;
2309;
2297;
2289;
2308;
2278;
2306;
2298;
2286;
2307;
2279;
2310;
2298;
2283;
2319;
2282;
2302;
2295;
2279;
2313;
2283;
2303;
2300;
2274;
2319;
2286;
2295;
2298;
2283;
2316;
2276;
2303;
2306;
2271;
2314;
2288;
2297;
2308;
2277;
2318;
2286;
2297;
2308;
2278;
2315;
2288;
2295;
2303;
2275;
2313;
2282;
2291;
2312;
2279;
2313;
2290;
2298;
2309;
2278;
2316;
2292;
2289;
2309;
2281;
2306;
2291;
2298;
2306;
2280;
2308;
2300;
2286;
2311;
2280;
2311;
2295;
2291;
2318;
2275;
2309;
2303;
2276;
2310;
2283;
2310;
2292;
2285;
2317;
2278;
2309;
2299;
2282;
2307;
2281;
2309;
2299;
2276;
2314;
2275;
2300;
2313;
2277;
2307;
2290;
2304;
2294;
2281;
2325;
2280;
2297;
2302;
2280;
2311;
2285;
2299;
2309;
2277;
2306;
2295;
2292;
2303;
2287;
2312;
2283;
2294;
2317;
2275;
2311;
2294;
2285;
2309;
2283;
2310;
2289;
2289;
2309;
2279;
2315;
2291;
2286;
2310;
2277;
2311;
2297;
2281;
2311;
2278;
2309;
2295;
2289;
2309;
2271;
2319;
2298;
2272;
2322;
2280;
2300;
2305;
2289;
2309;
2283;
2307;
2298;
2281;
2315;
2284;
2303;
2303;
2283;
2319;
2278;
2301;
2310;
2278;
2305;
2292;
2297;
2297;
2280;
2315;
2276;
2294;
2315;
2271;
2316;
2289;
2290;
2310;
2279;
2313;
2287;
2289;
2300;
2276;
2313;
2284;
2289;
2309;
2271;
2311;
2295;
2281;
2310;
2287;
2301;
2283;
2293;
2313;
2274;
2311;
2297;
2283;
2314;
2278;
2304;
2297;
2283;
2308;
2280;
2303;
2299;
2283;
2308;
2280;
2310;
2297;
2285;
2315;
2282;
2306;
2295;
2289;
2304;
2283;
2306;
2289;
2292;
2317;
2276;
2312;
2297;
2284;
2315;
2270;
2310;
2293;
2286;
2310;
2281;
2300;
2303;
2279;
2318;
2276;
2303;
2306;
2271;
2324;
2274;
2298;
2309;
2277;
2313;
2283;
2297;
2299;
2279;
2326;
2279;
2296;
2309;
2276;
2315;
2290;
2291;
2306;
2275;
2314;
2283;
2291;
2311;
2277;
2317;
2288;
2294;
2312;
2271;
2315;
2290;
2283;
2320;
2274;
2311;
2286;
2297;
2312;
2267;
2319;
2287;
2279;
2317;
2278;
2310;
2289;
2286;
2318;
2279;
2308;
2295;
2281;
2316;
2279;
2308;
2290;
2281;
2321;
2277;
2303;
2303;
2278;
2319;
2279;
2307;
2298;
2285;
2324;
2275;
2307;
2301;
2284;
2317;
2278;
2300;
2307;
2280;
2321;
2278;
2297;
2306;
2280;
2313;
2282;
2291;
2308;
2278;
2313;
2279;
2298;
2309;
2275;
2319;
2289;
2300;
2306;
2275;
2313;
2292;
2292;
2311;
2275;
2310;
2287;
2284;
2322;
2276;
2308;
2288;
2285;
2314;
2280;
2311;
2296;
2279;
2319;
2276;
2309;
2299;
2291;
2308;
2283;
2305;
2295;
2283;
2315;
2281;
2310;
2303;
2283;
2318;
2279;
2301;
2301;
2283;
2318;
2280;
2303;
2307;
2279;
2318;
2277;
2295;
2300;
2288;
2314;
2285;
2305;
2295;
2281;
2312;
2282;
2298;
2305;
2287;
2318;
2286;
2298;
2303;
2284;
2313;
2289;
2295;
2301;
2285;
2312;
2292;
2298;
2314;
2281;
2310;
2284;
2300;
2304;
2279;
2307;
2290;
2284;
2319;
2286;
2304;
2296;
2291;
2301;
2287;
2305;
2292;
2293;
2316;
2280;
2308;
2297;
2292;
2303;
2289;
2302;
2295;
2293;
2310;
2281;
2307;
2290;
2288;
2311;
2287;
2301;
2294;
2287;
2311;
2279;
2299;
2301;
2285;
2314;
2287;
2299;
2307;
2285;
2305;
2291;
2295;
2303;
2283;
2308;
2291;
2292;
2303;
2286;
2306;
2296;
2291;
2303;
2286;
2310;
2296;
2292;
2309;
2291;
2302;
2293;
2291;
2306;
2287;
2303;
2300;
2289;
2307;
2291;
2297;
2298;
2283;
2310;
2291;
2299;
2305;
2288;
2307;
2290;
2297;
2304;
2287;
2307;
2298;
2294;
2302;
2289;
2306;
2287;
2295;
2306;
2292;
2301;
2295;
2292;
2303;
2292;
2295;
2295;
2292;
2306;
2295;
2295;
2297;
2299;
2289;
2299;
2297;
2295;
2295;
2298;
2301;
2294;
2298;
2298;
2289;
2294;
2295;
2299;
2296;
2301;
2295;
2293;
2291;
2298;
2303;
2289;
2294;
2301;
2289;
2303;
2296;
2295;
2297;
2295;
2292;
2291;
2300;
2297;
2296;
2295;
2302;
2293;
2295;
2299;
2298;
2291;
2299;
2293;
2297;
2293;
2297;
2302;
2298;
2299;
2292;
2295;
2293;
2299;
2299;
2302;
2294;
2298;
2297;
2300;
2298;
2295;
2295;
2298;
2296;
2295;
2295;
2299;
2297;
2293;
2295;
2302;
2289;
2286;
2303;
2282;
2297;
2301;
2296;
2299;
2294;
2295;
2301;
2291;
2303;
2293;
2293;
2305;
2290;
2300;
2298;
2299;
2301;
2287;
2301;
2298;
2296;
2305;
2289;
2299;
2295;
2297;
2307;
2284;
2303;
2291;
2287;
2305;
2286;
2299;
2298;
2295;
2307;
2281;
2304;
2301;
2292;
2307;
2285;
2293;
2301;
2287;
2311;
2285;
2304;
2306;
2289;
2307;
2291;
2299;
2295;
2282;
2307;
2285;
2293;
2307;
2281;
2313;
2289;
2298;
2301;
2288;
2307;
2291;
2292;
2306;
2281;
2306;
2289;
2289;
2309;
2282;
2309;
2294;
2288;
2310;
2281;
2302;
2295;
2294;
2308;
2280;
2304;
2299;
2284;
2305;
2289;
2303;
2295;
2288;
2306;
2288;
2295;
2307;
2280;
2301;
2290;
2293;
2299;
2295;
2304;
2286;
2299;
2298;
2283;
2307;
2293;
2300;
2304;
2285;
2302;
2297;
2286;
2310;
2284;
2304;
2293;
2298;
2302;
2281;
2317;
2289;
2290;
2305;
2282;
2303;
2297;
2287;
2304;
2292;
2303;
2297;
2282;
2300;
2287;
2298;
2298;
2287;
2321;
2284;
2302;
2309;
2287;
2303;
2285;
2298;
2289;
2287;
2307;
2287;
2297;
2305;
2279;
2305;
2298;
2294;
2303;
2287;
2311;
2295;
2295;
2307;
2283;
2310;
2295;
2297;
2302;
2277;
2311;
2301;
2287;
2309;
2279;
2305;
2290;
2300;
2310;
2274;
2303;
2295;
2287;
2310;
2287;
2303;
2298;
2290;
2312;
2279;
2300;
2304;
2284;
2307;
2286;
2302;
2301;
2283;
2314;
2280;
2298;
2303;
2278;
2307;
2287;
2300;
2304;
2277;
2315;
2286;
2292;
2313;
2278;
2311;
2288;
2292;
2307;
2272;
2311;
2290;
2278;
2311;
2282;
2304;
2288;
2292;
2319;
2275;
2306;
2298;
2283;
2304;
2287;
2305;
2296;
2282;
2315;
2280;
2305;
2302;
2279;
2309;
2285;
2307;
2301;
2280;
2311;
2279;
2304;
2304;
2283;
2315;
2282;
2294;
2313;
2277;
2315;
2286;
2301;
2308;
2270;
2317;
2285;
2297;
2315;
2278;
2302;
2294;
2295;
2306;
2281;
2311;
2293;
2285;
2313;
2273;
2309;
2295;
2286;
2322;
2272;
2308;
2301;
2280;
2308;
2277;
2312;
2295;
2287;
2322;
2277;
2303;
2305;
2287;
2310;
2289;
2308;
2299;
2284;
2316;
2276;
2307;
2295;
2284;
2315;
2283;
2303;
2311;
2285;
2313;
2289;
2299;
2300;
2275;
2315;
2279;
2294;
2307;
2270;
2311;
2297;
2291;
2303;
2282;
2309;
2288;
2287;
2314;
2276;
2307;
2297;
2297;
2311;
2271;
2315;
2284;
2283;
2316;
2276;
2307;
2299;
2291;
2309;
2272;
2302;
2311;
2274;
2308;
2288;
2299;
2295;
2284;
2313;
2272;
2295;
2318;
2266;
2311;
2295;
2300;
2302;
2283;
2327;
2276;
2297;
2314;
2271;
2314;
2290;
2293;
2310;
2271;
2317;
2288;
2285;
2311;
2277;
2312;
2297;
2290;
2316;
2272;
2311;
2299;
2283;
2321;
2280;
2303;
2294;
2281;
2316;
2272;
2314;
2303;
2278;
2311;
2287;
2303;
2298;
2290;
2319;
2272;
2297;
2309;
2280;
2322;
2279;
2296;
2305;
2281;
2312;
2285;
2303;
2301;
2278;
2315;
2279;
2292;
2312;
2268;
2319;
2284;
2285;
2311;
2274;
2311;
2286;
2300;
2308;
2274;
2313;
2289;
2286;
2312;
2276;
2300;
2294;
2288;
2316;
2277;
2311;
2298;
2277;
2311;
2284;
2305;
2299;
2273;
2315;
2276;
2299;
2302;
2265;
2314;
2282;
2303;
2303;
2280;
2319;
2284;
2300;
2305;
2275;
2315;
2285;
2297;
2306;
2270;
2315;
2288;
2295;
2310;
2276;
2308;
2287;
2292;
2309;
2280;
2313;
2287;
2284;
2316;
2278;
2311;
2291;
2291;
2316;
